IPT	1610605	2593	2549	2550	2603	2618	2518	2594	2560	2559	2498	2584	2624	2528	2528
IPT	1610779	2594	2550	2550	2602	2617	2518	2593	2561	2559	2499	2584	2625	2529	2528
IPT	1610954	2594	2550	2550	2603	2617	2519	2595	2561	2559	2500	2584	2624	2529	2528
IPT	1611128	2594	2550	2550	2602	2617	2519	2594	2561	2559	2499	2582	2624	2528	2527
IPT	1611303	2594	2550	2550	2603	2617	2518	2594	2561	2559	2499	2584	2624	2528	2527
IPT	1611477	2594	2550	2550	2602	2617	2519	2594	2560	2559	2499	2583	2624	2528	2528
IPT	1611651	2593	2550	2549	2602	2616	2517	2593	2561	2559	2498	2582	2624	2527	2526
IPT	1611826	2594	2549	2549	2603	2617	2518	2593	2561	2559	2499	2583	2624	2528	2526
IPT	1612000	2593	2548	2549	2602	2617	2518	2594	2561	2559	2499	2582	2624	2528	2527
IPT	1612174	2594	2549	2549	2603	2617	2519	2593	2561	2559	2499	2582	2625	2529	2528
IPT	1612349	2593	2549	2550	2603	2617	2518	2594	2560	2559	2499	2580	2624	2528	2527
IPT	1612523	2594	2548	2550	2603	2617	2518	2595	2560	2559	2498	2579	2624	2528	2527
IPT	1612697	2593	2548	2549	2602	2617	2517	2593	2561	2559	2498	2576	2624	2527	2527
IPT	1612871	2592	2548	2549	2602	2616	2517	2593	2560	2559	2498	2577	2624	2527	2527
IPT	1613046	2593	2548	2548	2602	2617	2518	2592	2560	2559	2498	2579	2624	2528	2527
IPT	1613220	2593	2548	2548	2602	2616	2518	2591	2560	2559	2498	2580	2624	2527	2526
IPT	1613394	2593	2549	2549	2602	2617	2518	2593	2561	2559	2499	2582	2624	2528	2527
IPT	1613568	2594	2550	2550	2603	2617	2518	2593	2560	2559	2499	2582	2625	2528	2527
IPT	1613743	2593	2550	2549	2602	2617	2518	2594	2561	2559	2499	2582	2624	2528	2528
IPT	1613917	2592	2549	2548	2602	2617	2518	2593	2560	2559	2499	2581	2624	2528	2527
IPT	1614091	2593	2549	2548	2603	2617	2518	2593	2560	2559	2499	2582	2625	2528	2527
IPT	1614266	2594	2549	2549	2603	2618	2518	2593	2560	2559	2499	2583	2625	2528	2528
IPT	1614440	2593	2549	2548	2603	2618	2518	2593	2560	2559	2499	2584	2625	2528	2528
IPT	1614615	2592	2550	2548	2601	2617	2517	2592	2560	2559	2499	2584	2625	2528	2527
IPT	1614789	2592	2548	2548	2602	2617	2518	2592	2560	2559	2498	2584	2624	2528	2527
IPT	1614963	2593	2549	2548	2602	2617	2517	2593	2560	2559	2498	2584	2624	2528	2527
IPT	1615138	2591	2548	2548	2602	2617	2517	2592	2559	2559	2499	2585	2624	2528	2527
IPT	1615312	2592	2549	2548	2602	2618	2517	2593	2560	2559	2499	2583	2625	2528	2527
IPT	1615487	2592	2549	2548	2602	2618	2518	2592	2560	2559	2499	2584	2625	2529	2527
IPT	1615661	2592	2549	2549	2602	2618	2518	2593	2560	2559	2499	2584	2625	2529	2527
IPT	1615835	2594	2550	2549	2603	2618	2518	2594	2561	2559	2499	2584	2626	2529	2528
IPT	1616009	2594	2550	2549	2603	2618	2518	2593	2561	2560	2500	2583	2626	2529	2529
IPT	1616183	2593	2550	2549	2602	2618	2518	2594	2561	2560	2500	2584	2626	2529	2528
IPT	1616358	2593	2549	2549	2603	2618	2518	2594	2560	2559	2499	2585	2626	2529	2528
IPT	1616532	2593	2550	2549	2602	2618	2518	2594	2560	2559	2499	2587	2626	2529	2528
IPT	1616706	2593	2549	2549	2602	2618	2518	2594	2560	2560	2500	2587	2626	2529	2528
IPT	1616881	2592	2548	2549	2602	2617	2517	2593	2560	2559	2498	2585	2625	2528	2527
IPT	1617055	2592	2548	2549	2602	2617	2517	2592	2560	2559	2499	2584	2625	2528	2527
IPT	1617229	2591	2548	2548	2602	2617	2517	2592	2560	2559	2499	2583	2625	2528	2527
IPT	1617404	2592	2548	2548	2601	2617	2517	2593	2561	2559	2499	2583	2625	2528	2527
IPT	1617578	2591	2548	2549	2601	2617	2517	2592	2560	2559	2499	2583	2624	2528	2527
IPT	1617752	2592	2548	2548	2601	2616	2516	2592	2560	2559	2499	2584	2624	2528	2527
IPT	1617927	2592	2548	2548	2602	2616	2517	2592	2560	2559	2499	2584	2624	2528	2527
IPT	1618101	2593	2549	2548	2602	2616	2517	2593	2560	2559	2499	2586	2625	2528	2528
IPT	1618275	2592	2549	2548	2602	2616	2516	2592	2560	2559	2499	2586	2625	2528	2528
IPT	1618449	2592	2548	2548	2601	2616	2517	2592	2560	2559	2499	2586	2625	2528	2528
IPT	1618624	2591	2548	2548	2601	2616	2516	2591	2560	2559	2499	2586	2625	2528	2527
IPT	1618798	2590	2547	2547	2600	2615	2517	2591	2560	2559	2499	2586	2624	2527	2527
IPT	1618972	2592	2548	2548	2602	2616	2517	2592	2561	2559	2499	2587	2625	2528	2527
IPT	1619146	2592	2548	2548	2601	2615	2516	2591	2561	2559	2499	2585	2625	2528	2527
IPT	1619320	2591	2548	2548	2601	2616	2517	2591	2561	2559	2499	2586	2626	2528	2527
IPT	1619494	2591	2547	2548	2601	2615	2517	2591	2560	2559	2498	2585	2625	2527	2527
IPT	1619669	2590	2548	2547	2600	2615	2516	2590	2559	2559	2498	2583	2624	2527	2527
IPT	1619843	2591	2547	2547	2600	2615	2517	2591	2560	2559	2499	2584	2624	2527	2527
IPT	1620017	2591	2549	2547	2600	2616	2517	2590	2560	2559	2498	2584	2624	2528	2527
IPT	1620191	2592	2549	2548	2602	2616	2517	2592	2561	2559	2499	2585	2625	2528	2528
IPT	1620365	2591	2549	2548	2601	2616	2517	2591	2560	2559	2499	2584	2625	2528	2528
IPT	1620539	2592	2549	2548	2601	2616	2517	2591	2560	2559	2499	2585	2625	2528	2528
IPT	1620713	2592	2549	2549	2602	2617	2517	2592	2560	2559	2499	2586	2624	2529	2529
IPT	1620887	2593	2548	2548	2601	2617	2517	2592	2560	2559	2499	2587	2625	2529	2529
IPT	1621061	2592	2550	2549	2601	2617	2517	2592	2561	2559	2499	2589	2625	2529	2529
IPT	1621236	2592	2548	2548	2602	2616	2518	2592	2560	2559	2499	2589	2625	2529	2528
IPT	1621410	2593	2549	2549	2601	2616	2517	2591	2560	2559	2499	2587	2625	2528	2528
IPT	1621584	2592	2549	2548	2600	2616	2517	2591	2560	2559	2498	2586	2624	2528	2528
IPT	1621758	2592	2548	2547	2600	2616	2516	2592	2559	2559	2498	2585	2624	2528	2527
IPT	1621932	2592	2549	2548	2601	2616	2517	2590	2561	2559	2498	2584	2624	2528	2527
IPT	1622106	2591	2548	2548	2601	2617	2515	2591	2560	2559	2498	2584	2624	2527	2527
IPT	1622280	2593	2548	2549	2601	2617	2518	2592	2560	2559	2498	2587	2625	2528	2527
IPT	1622454	2591	2547	2548	2600	2615	2516	2590	2560	2559	2497	2583	2624	2527	2527
IPT	1622629	2592	2548	2548	2601	2616	2516	2590	2560	2559	2498	2585	2624	2528	2527
IPT	1622803	2592	2548	2548	2600	2616	2516	2591	2561	2559	2498	2584	2624	2527	2527
IPT	1622977	2591	2547	2548	2600	2615	2516	2590	2560	2559	2498	2585	2623	2527	2527
IPT	1623151	2592	2547	2548	2600	2615	2516	2590	2560	2559	2498	2584	2624	2527	2528
IPT	1623326	2591	2547	2548	2601	2615	2516	2590	2560	2559	2498	2583	2624	2527	2527
IPT	1623500	2591	2547	2548	2600	2614	2516	2589	2560	2559	2498	2582	2624	2527	2527
IPT	1623674	2592	2547	2548	2600	2614	2515	2590	2560	2559	2498	2583	2624	2528	2527
IPT	1623848	2590	2549	2547	2600	2615	2516	2590	2560	2559	2498	2582	2625	2528	2527
IPT	1624022	2590	2549	2548	2601	2615	2516	2591	2561	2559	2498	2582	2625	2527	2527
IPT	1624197	2592	2549	2547	2601	2615	2515	2590	2560	2559	2498	2581	2624	2527	2527
IPT	1624371	2592	2549	2549	2600	2615	2515	2591	2560	2559	2498	2581	2625	2528	2527
IPT	1624545	2591	2548	2547	2600	2614	2515	2590	2560	2559	2498	2577	2624	2527	2526
IPT	1624719	2590	2547	2546	2600	2614	2516	2588	2559	2559	2497	2576	2624	2527	2526
IPT	1624894	2591	2547	2547	2600	2613	2515	2590	2561	2559	2497	2576	2623	2526	2526
IPT	1625068	2590	2547	2547	2600	2613	2516	2589	2560	2559	2497	2575	2623	2526	2525
IPT	1625242	2590	2547	2547	2600	2613	2515	2589	2559	2559	2497	2573	2624	2526	2526
IPT	1625416	2590	2547	2547	2600	2613	2515	2589	2560	2559	2497	2573	2623	2527	2526
IPT	1625591	2591	2547	2547	2600	2614	2515	2590	2560	2559	2498	2575	2623	2527	2527
IPT	1625765	2591	2548	2547	2600	2614	2516	2591	2559	2559	2498	2576	2624	2527	2526
IPT	1625939	2589	2547	2547	2600	2613	2515	2589	2560	2559	2498	2575	2623	2526	2526
IPT	1626114	2589	2547	2547	2599	2614	2515	2589	2559	2559	2497	2575	2623	2526	2526
IPT	1626288	2590	2547	2547	2600	2614	2516	2589	2560	2559	2498	2578	2623	2526	2526
IPT	1626462	2590	2547	2547	2599	2614	2516	2589	2560	2559	2498	2578	2623	2526	2526
IPT	1626637	2590	2548	2548	2600	2614	2516	2590	2560	2559	2497	2578	2624	2527	2527
IPT	1626811	2591	2547	2548	2601	2615	2516	2589	2560	2559	2498	2580	2624	2527	2527
IPT	1626985	2590	2547	2547	2601	2614	2515	2589	2560	2559	2497	2578	2623	2526	2527
IPT	1627159	2590	2546	2546	2600	2614	2515	2588	2560	2559	2497	2578	2622	2526	2526
IPT	1627333	2589	2547	2545	2599	2614	2514	2588	2559	2559	2497	2579	2622	2526	2525
IPT	1627507	2588	2546	2546	2599	2613	2514	2588	2559	2559	2497	2578	2622	2525	2525
IPT	1627682	2588	2546	2546	2598	2613	2515	2588	2559	2559	2496	2578	2622	2526	2524
IPT	1627856	2589	2546	2546	2599	2613	2514	2588	2560	2559	2496	2578	2622	2526	2525
IPT	1628030	2589	2546	2546	2599	2613	2515	2588	2559	2559	2497	2578	2622	2526	2525
IPT	1628204	2589	2547	2547	2599	2614	2515	2589	2559	2559	2497	2579	2623	2526	2525
IPT	1628378	2588	2545	2546	2599	2612	2514	2588	2559	2559	2497	2578	2622	2525	2524
IPT	1628553	2589	2547	2547	2600	2612	2515	2588	2560	2559	2497	2578	2622	2526	2524
IPT	1628727	2589	2547	2547	2599	2613	2515	2588	2560	2558	2497	2578	2622	2526	2525
IPT	1628901	2589	2547	2547	2599	2612	2515	2589	2560	2559	2497	2577	2622	2526	2526
IPT	1629076	2589	2546	2547	2600	2613	2515	2588	2560	2559	2498	2577	2623	2527	2525
IPT	1629250	2589	2546	2546	2600	2613	2515	2588	2560	2559	2497	2576	2623	2526	2526
IPT	1629424	2590	2547	2548	2600	2613	2515	2590	2559	2559	2497	2578	2622	2526	2525
IPT	1629598	2589	2547	2547	2599	2614	2515	2589	2559	2559	2496	2579	2623	2526	2525
IPT	1629773	2589	2548	2547	2599	2614	2515	2588	2559	2559	2497	2577	2623	2526	2525
IPT	1629947	2589	2547	2547	2600	2614	2514	2589	2559	2559	2497	2576	2623	2526	2525
IPT	1630121	2588	2548	2547	2599	2614	2515	2590	2560	2559	2497	2576	2623	2526	2525
IPT	1630295	2589	2547	2546	2599	2613	2515	2589	2559	2559	2497	2576	2622	2525	2525
IPT	1630469	2588	2547	2546	2598	2614	2515	2587	2560	2558	2497	2577	2623	2525	2525
IPT	1630643	2588	2546	2545	2598	2613	2514	2588	2559	2559	2497	2574	2622	2525	2524
IPT	1630817	2587	2545	2545	2598	2612	2514	2588	2559	2559	2497	2573	2623	2525	2524
IPT	1630992	2587	2546	2545	2597	2612	2514	2589	2559	2558	2496	2573	2622	2525	2524
IPT	1631166	2586	2545	2545	2598	2613	2513	2587	2559	2558	2497	2575	2622	2525	2524
IPT	1631340	2586	2545	2546	2598	2613	2514	2588	2559	2559	2497	2577	2622	2525	2524
IPT	1631514	2587	2546	2546	2599	2614	2514	2586	2560	2558	2497	2578	2622	2525	2524
IPT	1631688	2586	2546	2547	2599	2613	2514	2587	2560	2559	2497	2577	2622	2525	2524
IPT	1631863	2587	2546	2546	2599	2613	2514	2588	2560	2559	2497	2577	2622	2525	2524
IPT	1632037	2588	2546	2546	2599	2613	2515	2588	2559	2559	2497	2577	2622	2525	2524
IPT	1632211	2586	2546	2546	2598	2613	2514	2587	2559	2559	2497	2577	2622	2525	2525
IPT	1632386	2587	2547	2546	2599	2614	2516	2588	2560	2559	2497	2580	2622	2526	2525
IPT	1632560	2588	2546	2546	2598	2613	2514	2587	2559	2559	2497	2581	2623	2525	2524
IPT	1632735	2587	2546	2547	2598	2612	2515	2587	2560	2559	2496	2579	2622	2525	2524
IPT	1632909	2587	2546	2546	2599	2613	2514	2589	2559	2559	2497	2578	2623	2525	2524
IPT	1633083	2588	2546	2546	2599	2613	2514	2589	2560	2558	2496	2577	2622	2525	2524
IPT	1633257	2587	2546	2546	2598	2613	2514	2588	2560	2559	2496	2577	2622	2525	2523
IPT	1633431	2586	2546	2546	2598	2612	2515	2587	2559	2559	2496	2578	2622	2525	2523
IPT	1633606	2587	2546	2546	2599	2611	2514	2588	2560	2558	2497	2577	2622	2525	2523
IPT	1633780	2586	2545	2545	2597	2612	2514	2588	2559	2559	2496	2576	2622	2525	2523
IPT	1633954	2586	2546	2546	2598	2612	2514	2588	2560	2559	2496	2575	2622	2524	2523
IPT	1634128	2588	2546	2547	2598	2613	2515	2588	2560	2559	2497	2578	2623	2525	2524
IPT	1634302	2587	2546	2547	2598	2612	2514	2588	2559	2559	2497	2576	2622	2525	2524
IPT	1634476	2587	2546	2547	2599	2613	2515	2588	2560	2559	2496	2575	2623	2525	2524
IPT	1634650	2587	2547	2547	2598	2613	2515	2587	2560	2558	2497	2574	2623	2526	2525
IPT	1634824	2588	2546	2546	2599	2614	2515	2589	2559	2559	2497	2575	2623	2526	2525
IPT	1634998	2587	2547	2546	2599	2612	2515	2588	2560	2559	2496	2573	2622	2525	2524
IPT	1635172	2587	2546	2546	2597	2612	2514	2587	2559	2558	2496	2572	2623	2525	2524
IPT	1635346	2587	2546	2546	2598	2613	2515	2586	2559	2559	2496	2573	2622	2525	2524
IPT	1635521	2587	2546	2547	2598	2613	2514	2587	2559	2559	2497	2574	2623	2525	2525
IPT	1635695	2588	2546	2547	2599	2613	2514	2588	2559	2559	2497	2577	2623	2525	2525
IPT	1635869	2587	2546	2546	2598	2613	2514	2587	2560	2558	2496	2575	2622	2525	2524
IPT	1636043	2586	2545	2545	2597	2612	2515	2587	2559	2559	2496	2574	2622	2524	2524
IPT	1636217	2586	2545	2545	2598	2614	2514	2587	2559	2559	2497	2574	2623	2525	2524
IPT	1636391	2587	2546	2545	2597	2613	2514	2587	2559	2558	2497	2576	2623	2525	2524
IPT	1636565	2588	2546	2545	2598	2613	2514	2588	2559	2559	2497	2577	2623	2525	2525
IPT	1636739	2586	2545	2545	2598	2612	2514	2588	2559	2558	2497	2576	2622	2525	2524
IPT	1636914	2587	2545	2545	2597	2612	2514	2588	2559	2558	2496	2575	2622	2524	2524
IPT	1637088	2586	2544	2545	2598	2612	2514	2587	2559	2559	2496	2573	2622	2524	2524
IPT	1637262	2585	2545	2544	2597	2612	2514	2586	2559	2558	2496	2573	2621	2524	2524
IPT	1637436	2585	2544	2545	2597	2612	2514	2585	2559	2559	2496	2571	2622	2524	2524
IPT	1637610	2584	2545	2545	2597	2612	2513	2586	2559	2558	2496	2571	2621	2524	2523
IPT	1637784	2585	2545	2545	2596	2612	2514	2586	2560	2558	2496	2571	2622	2524	2523
IPT	1637958	2584	2545	2545	2596	2612	2513	2586	2559	2558	2496	2570	2622	2524	2523
IPT	1638133	2584	2544	2544	2596	2612	2513	2583	2559	2559	2496	2570	2621	2524	2523
IPT	1638307	2585	2545	2545	2597	2612	2514	2585	2559	2559	2496	2571	2621	2524	2523
IPT	1638481	2586	2545	2545	2596	2612	2514	2587	2559	2559	2496	2572	2622	2524	2523
IPT	1638655	2585	2545	2545	2596	2612	2513	2585	2560	2558	2496	2570	2621	2524	2522
IPT	1638829	2585	2545	2545	2597	2612	2514	2585	2559	2558	2496	2570	2621	2524	2522
IPT	1639003	2585	2545	2544	2596	2612	2513	2586	2560	2558	2496	2571	2621	2524	2522
IPT	1639177	2585	2545	2544	2596	2612	2513	2586	2559	2558	2496	2573	2621	2523	2522
IPT	1639351	2586	2546	2545	2597	2612	2513	2586	2559	2558	2496	2574	2621	2524	2522
IPT	1639526	2585	2545	2545	2597	2611	2514	2586	2560	2559	2496	2573	2621	2524	2522
IPT	1639700	2585	2546	2545	2597	2611	2513	2586	2560	2558	2496	2572	2622	2524	2522
IPT	1639874	2587	2546	2545	2597	2612	2514	2587	2560	2558	2496	2571	2622	2524	2523
IPT	1640048	2586	2545	2545	2597	2611	2513	2586	2559	2559	2496	2571	2622	2524	2523
IPT	1640222	2586	2547	2546	2597	2611	2514	2587	2559	2558	2496	2573	2622	2524	2523
IPT	1640396	2585	2545	2545	2598	2611	2513	2586	2559	2558	2496	2572	2622	2524	2522
IPT	1640570	2584	2545	2545	2596	2611	2513	2585	2559	2558	2495	2572	2621	2523	2522
