IPT	1018190	1795	1766	1771	1796	1814	1745	1815	1781	1797	1770	1782	1808	1756	1747
IPT	1018364	1796	1767	1771	1797	1815	1745	1815	1781	1797	1770	1782	1809	1756	1747
IPT	1018538	1795	1767	1771	1797	1815	1746	1816	1782	1797	1770	1783	1809	1756	1747
IPT	1018712	1796	1767	1772	1798	1816	1746	1817	1782	1798	1771	1784	1809	1757	1748
IPT	1018887	1795	1767	1772	1797	1815	1746	1815	1782	1797	1770	1783	1809	1756	1748
IPT	1019061	1795	1766	1771	1796	1815	1745	1815	1781	1797	1770	1782	1809	1756	1747
IPT	1019235	1795	1767	1771	1797	1815	1745	1815	1782	1797	1770	1782	1809	1756	1747
IPT	1019409	1796	1766	1771	1797	1815	1746	1815	1782	1797	1770	1783	1809	1756	1747
IPT	1019583	1794	1767	1772	1797	1815	1745	1814	1781	1797	1770	1783	1809	1756	1747
IPT	1019757	1795	1767	1772	1796	1815	1745	1815	1781	1797	1770	1782	1808	1756	1747
IPT	1019932	1795	1767	1772	1796	1815	1745	1815	1782	1798	1770	1783	1809	1756	1747
IPT	1020106	1795	1767	1772	1797	1815	1746	1815	1781	1797	1770	1782	1808	1756	1747
IPT	1020280	1795	1767	1771	1797	1815	1746	1816	1782	1797	1770	1782	1809	1756	1747
IPT	1020455	1796	1766	1771	1797	1815	1745	1815	1781	1797	1770	1782	1809	1756	1747
IPT	1020629	1795	1766	1771	1796	1815	1745	1815	1781	1797	1770	1782	1809	1756	1747
IPT	1020803	1795	1766	1771	1796	1815	1746	1815	1781	1797	1769	1782	1809	1756	1747
IPT	1020977	1795	1766	1772	1796	1815	1745	1816	1781	1797	1770	1782	1809	1756	1747
IPT	1021151	1795	1767	1771	1796	1815	1745	1816	1781	1797	1770	1782	1809	1756	1747
IPT	1021325	1795	1767	1772	1796	1815	1745	1816	1781	1797	1770	1782	1809	1756	1747
IPT	1021499	1796	1767	1772	1796	1814	1746	1816	1782	1797	1770	1782	1809	1756	1747
IPT	1021674	1796	1766	1771	1796	1815	1745	1816	1781	1797	1770	1781	1809	1756	1747
IPT	1021848	1795	1767	1771	1796	1816	1746	1816	1782	1797	1770	1781	1808	1756	1746
IPT	1022022	1795	1766	1771	1797	1815	1745	1817	1781	1797	1770	1782	1809	1756	1747
IPT	1022197	1796	1768	1772	1797	1816	1747	1817	1781	1798	1770	1782	1809	1756	1748
IPT	1022371	1796	1768	1771	1796	1816	1745	1816	1781	1797	1770	1782	1808	1756	1747
IPT	1022545	1796	1767	1771	1797	1816	1745	1816	1781	1798	1770	1782	1808	1756	1747
IPT	1022719	1795	1767	1771	1796	1815	1746	1815	1780	1797	1770	1781	1809	1756	1747
IPT	1022894	1795	1766	1771	1796	1815	1745	1815	1781	1797	1769	1781	1808	1755	1746
IPT	1023068	1795	1766	1771	1796	1815	1745	1815	1779	1797	1769	1781	1808	1756	1746
IPT	1023242	1795	1766	1771	1796	1814	1746	1815	1780	1797	1769	1781	1808	1755	1746
IPT	1023416	1795	1766	1770	1796	1814	1745	1815	1780	1797	1769	1781	1808	1755	1746
IPT	1023591	1795	1766	1771	1796	1815	1745	1815	1780	1797	1769	1781	1808	1755	1746
IPT	1023765	1795	1766	1770	1796	1815	1745	1814	1780	1797	1769	1780	1808	1755	1747
IPT	1023939	1795	1766	1771	1796	1815	1745	1814	1780	1797	1770	1780	1808	1755	1746
IPT	1024113	1795	1766	1771	1796	1815	1745	1815	1781	1798	1769	1781	1808	1756	1747
IPT	1024287	1794	1765	1769	1795	1814	1744	1814	1780	1797	1769	1780	1808	1755	1746
IPT	1024462	1794	1764	1770	1795	1814	1744	1814	1780	1796	1769	1780	1808	1755	1746
IPT	1024636	1795	1763	1770	1795	1814	1745	1814	1780	1797	1768	1780	1808	1755	1746
IPT	1024810	1794	1764	1770	1795	1814	1745	1815	1780	1797	1769	1780	1808	1755	1746
IPT	1024984	1795	1765	1771	1796	1815	1745	1815	1780	1797	1769	1780	1808	1755	1746
IPT	1025158	1796	1765	1771	1796	1815	1744	1815	1781	1797	1769	1781	1808	1756	1747
IPT	1025333	1796	1764	1771	1796	1815	1746	1816	1781	1798	1769	1781	1808	1756	1747
IPT	1025507	1795	1764	1770	1796	1815	1745	1815	1780	1798	1769	1781	1809	1756	1747
IPT	1025681	1795	1763	1770	1796	1815	1746	1815	1780	1797	1769	1781	1808	1756	1746
IPT	1025855	1795	1764	1770	1796	1815	1745	1814	1780	1798	1768	1781	1808	1756	1747
IPT	1026029	1795	1765	1771	1796	1815	1746	1816	1780	1798	1768	1781	1808	1756	1747
IPT	1026204	1795	1764	1771	1796	1815	1745	1816	1781	1798	1769	1781	1809	1756	1747
IPT	1026378	1795	1764	1771	1796	1816	1745	1815	1780	1798	1768	1781	1809	1756	1747
IPT	1026552	1795	1763	1770	1795	1814	1745	1814	1780	1797	1768	1780	1808	1755	1746
IPT	1026726	1794	1763	1769	1795	1815	1744	1815	1779	1797	1768	1780	1808	1755	1746
IPT	1026900	1793	1762	1769	1794	1814	1745	1815	1779	1797	1767	1780	1808	1754	1746
IPT	1027074	1794	1763	1770	1795	1814	1744	1815	1780	1797	1767	1780	1807	1755	1746
IPT	1027249	1794	1762	1770	1794	1814	1745	1815	1779	1797	1767	1780	1808	1755	1746
IPT	1027423	1795	1763	1770	1796	1815	1745	1816	1779	1797	1768	1780	1808	1755	1747
IPT	1027597	1794	1764	1770	1795	1815	1745	1815	1780	1797	1768	1780	1808	1755	1746
IPT	1027771	1795	1763	1770	1795	1814	1745	1815	1779	1797	1768	1780	1808	1755	1746
IPT	1027945	1795	1763	1770	1796	1814	1744	1815	1780	1797	1767	1779	1808	1755	1746
IPT	1028119	1795	1763	1769	1795	1814	1745	1815	1779	1797	1768	1779	1807	1755	1746
IPT	1028293	1794	1763	1770	1795	1814	1745	1814	1779	1796	1768	1779	1807	1755	1745
IPT	1028468	1794	1763	1769	1795	1813	1744	1814	1779	1797	1767	1779	1807	1754	1745
IPT	1028642	1795	1764	1770	1794	1814	1744	1815	1780	1796	1767	1779	1807	1755	1746
IPT	1028816	1795	1764	1771	1795	1815	1745	1816	1780	1797	1768	1779	1808	1755	1746
IPT	1028990	1795	1764	1771	1795	1814	1745	1815	1781	1797	1768	1780	1808	1755	1746
IPT	1029164	1796	1764	1771	1796	1815	1746	1815	1781	1798	1768	1780	1807	1755	1746
IPT	1029339	1795	1764	1771	1797	1815	1745	1816	1781	1797	1769	1781	1808	1756	1747
IPT	1029513	1796	1765	1771	1796	1815	1746	1815	1781	1798	1769	1780	1807	1756	1746
IPT	1029687	1796	1765	1771	1797	1815	1745	1816	1781	1798	1769	1781	1808	1756	1747
IPT	1029861	1796	1766	1772	1798	1816	1746	1816	1781	1798	1770	1781	1808	1756	1747
IPT	1030036	1797	1765	1771	1797	1815	1746	1816	1781	1798	1769	1780	1809	1756	1747
IPT	1030210	1796	1765	1771	1796	1815	1746	1816	1781	1798	1769	1781	1809	1756	1747
IPT	1030384	1796	1764	1771	1797	1815	1746	1816	1781	1798	1769	1780	1808	1755	1746
IPT	1030558	1796	1764	1770	1796	1815	1745	1816	1780	1798	1769	1780	1808	1756	1746
IPT	1030732	1796	1764	1771	1796	1815	1746	1816	1779	1797	1768	1780	1808	1755	1746
IPT	1030907	1796	1765	1770	1796	1815	1746	1816	1780	1798	1769	1780	1808	1756	1746
IPT	1031081	1796	1764	1771	1796	1816	1746	1817	1780	1797	1769	1780	1808	1755	1746
IPT	1031255	1796	1765	1770	1796	1814	1745	1815	1780	1797	1769	1780	1808	1755	1746
IPT	1031429	1796	1764	1771	1797	1816	1745	1816	1781	1798	1769	1780	1808	1756	1746
IPT	1031604	1796	1765	1772	1796	1815	1746	1816	1781	1798	1769	1780	1808	1756	1747
IPT	1031778	1796	1765	1771	1796	1816	1746	1816	1780	1797	1769	1780	1808	1756	1746
IPT	1031952	1796	1765	1771	1797	1815	1746	1815	1781	1797	1769	1780	1808	1755	1746
IPT	1032127	1796	1765	1772	1797	1815	1746	1816	1781	1798	1769	1780	1808	1756	1746
IPT	1032301	1796	1765	1772	1797	1816	1746	1816	1781	1799	1770	1781	1809	1756	1747
IPT	1032475	1797	1765	1772	1797	1816	1746	1816	1781	1798	1769	1781	1809	1756	1746
IPT	1032650	1796	1765	1772	1797	1816	1746	1817	1782	1798	1769	1780	1809	1756	1747
IPT	1032824	1796	1765	1771	1798	1816	1746	1817	1781	1798	1769	1781	1808	1756	1746
IPT	1032998	1796	1765	1773	1797	1816	1746	1817	1781	1798	1769	1780	1809	1756	1746
IPT	1033172	1796	1765	1771	1797	1816	1746	1816	1780	1798	1769	1780	1808	1756	1746
IPT	1033347	1796	1765	1772	1797	1816	1746	1816	1781	1798	1769	1781	1809	1756	1747
IPT	1033521	1796	1765	1772	1798	1816	1746	1816	1782	1798	1771	1781	1809	1757	1747
IPT	1033695	1797	1765	1772	1797	1817	1746	1817	1782	1798	1770	1781	1809	1757	1747
IPT	1033870	1797	1766	1772	1797	1816	1746	1816	1782	1799	1770	1781	1809	1756	1747
IPT	1034044	1797	1766	1772	1797	1816	1746	1817	1782	1799	1771	1781	1809	1757	1748
IPT	1034218	1796	1766	1772	1798	1816	1746	1817	1782	1799	1770	1781	1809	1756	1747
IPT	1034393	1797	1766	1772	1798	1816	1747	1817	1782	1799	1770	1781	1809	1757	1747
IPT	1034567	1797	1766	1772	1798	1816	1746	1817	1782	1799	1770	1781	1809	1757	1747
IPT	1034741	1797	1766	1772	1798	1816	1747	1817	1782	1799	1770	1781	1809	1757	1747
IPT	1034915	1797	1766	1772	1797	1816	1746	1817	1782	1799	1770	1781	1809	1756	1747
IPT	1035090	1796	1765	1771	1797	1816	1746	1816	1781	1798	1770	1781	1809	1756	1747
IPT	1035264	1796	1765	1771	1797	1817	1746	1817	1782	1798	1770	1780	1809	1756	1747
IPT	1035438	1797	1766	1772	1798	1816	1746	1817	1781	1799	1769	1781	1809	1756	1747
IPT	1035613	1797	1766	1772	1798	1816	1746	1818	1781	1799	1770	1781	1809	1757	1747
IPT	1035787	1797	1766	1772	1798	1817	1746	1818	1782	1798	1770	1781	1809	1757	1747
IPT	1035961	1797	1766	1773	1798	1817	1746	1818	1783	1799	1770	1782	1809	1757	1748
IPT	1036135	1798	1766	1774	1799	1818	1747	1819	1783	1800	1771	1782	1810	1757	1748
IPT	1036310	1798	1767	1773	1799	1818	1748	1819	1783	1799	1772	1783	1810	1758	1748
IPT	1036484	1797	1766	1773	1799	1817	1747	1818	1783	1800	1771	1782	1810	1757	1748
IPT	1036659	1797	1767	1773	1798	1817	1747	1819	1783	1800	1771	1782	1809	1757	1747
IPT	1036833	1798	1767	1772	1798	1817	1747	1819	1783	1799	1771	1782	1809	1757	1747
IPT	1037008	1798	1766	1772	1798	1817	1747	1819	1783	1799	1771	1782	1810	1757	1747
IPT	1037182	1797	1766	1772	1799	1818	1747	1819	1783	1799	1771	1782	1810	1757	1748
IPT	1037356	1797	1765	1772	1798	1817	1747	1819	1783	1799	1771	1781	1809	1757	1748
IPT	1037530	1797	1767	1772	1798	1817	1746	1818	1782	1799	1771	1781	1809	1757	1747
IPT	1037704	1797	1766	1772	1798	1817	1746	1818	1782	1799	1770	1782	1809	1756	1747
IPT	1037878	1798	1766	1772	1798	1816	1747	1819	1783	1799	1771	1781	1809	1757	1748
IPT	1038053	1798	1767	1772	1798	1817	1746	1819	1783	1799	1770	1782	1809	1757	1748
IPT	1038227	1797	1766	1773	1798	1817	1746	1819	1783	1799	1771	1782	1810	1757	1748
IPT	1038401	1798	1766	1772	1798	1817	1746	1819	1783	1800	1771	1782	1810	1757	1748
IPT	1038575	1797	1766	1772	1797	1817	1746	1818	1782	1799	1770	1781	1809	1757	1747
IPT	1038750	1797	1766	1772	1797	1816	1746	1818	1782	1799	1770	1781	1809	1756	1747
IPT	1038924	1797	1766	1772	1796	1816	1746	1818	1782	1799	1770	1781	1810	1756	1747
IPT	1039098	1797	1766	1772	1797	1816	1746	1818	1782	1799	1771	1782	1809	1757	1747
IPT	1039273	1797	1766	1772	1798	1816	1747	1818	1782	1799	1771	1782	1809	1756	1747
IPT	1039447	1797	1766	1772	1798	1817	1746	1819	1782	1799	1771	1782	1809	1756	1748
IPT	1039621	1798	1766	1773	1797	1817	1745	1818	1782	1799	1770	1782	1810	1757	1748
IPT	1039795	1797	1766	1772	1798	1816	1746	1818	1782	1799	1771	1781	1810	1757	1747
IPT	1039969	1797	1766	1772	1797	1817	1745	1818	1782	1799	1771	1782	1809	1757	1747
IPT	1040144	1797	1766	1772	1797	1816	1746	1817	1782	1799	1770	1782	1809	1756	1747
IPT	1040318	1796	1766	1771	1798	1816	1746	1817	1782	1799	1770	1781	1809	1757	1747
IPT	1040492	1797	1766	1771	1797	1817	1746	1818	1782	1799	1770	1781	1809	1756	1747
IPT	1040666	1797	1766	1771	1797	1816	1746	1816	1781	1798	1770	1781	1809	1756	1747
IPT	1040841	1797	1766	1772	1796	1816	1746	1816	1781	1798	1770	1781	1809	1756	1747
IPT	1041015	1797	1766	1772	1797	1817	1746	1816	1782	1799	1770	1781	1809	1756	1747
IPT	1041189	1797	1766	1772	1797	1817	1746	1816	1782	1798	1770	1781	1809	1756	1747
IPT	1041363	1797	1766	1772	1798	1816	1746	1816	1782	1798	1770	1781	1809	1756	1747
IPT	1041537	1797	1766	1771	1797	1816	1746	1816	1781	1798	1770	1781	1809	1756	1747
IPT	1041711	1796	1765	1771	1797	1816	1745	1816	1781	1798	1770	1781	1809	1756	1747
IPT	1041886	1796	1766	1770	1796	1815	1745	1816	1782	1798	1770	1781	1809	1756	1746
IPT	1042060	1796	1766	1771	1797	1815	1745	1815	1780	1798	1770	1780	1809	1756	1746
IPT	1042234	1796	1765	1771	1796	1815	1745	1815	1781	1797	1770	1780	1809	1755	1746
IPT	1042408	1796	1766	1771	1797	1815	1745	1815	1781	1798	1770	1780	1809	1755	1747
IPT	1042582	1797	1766	1772	1798	1816	1746	1816	1782	1799	1771	1781	1809	1757	1748
IPT	1042756	1796	1766	1772	1797	1816	1746	1815	1781	1798	1770	1781	1809	1757	1747
IPT	1042930	1797	1766	1772	1798	1815	1746	1816	1782	1798	1770	1781	1810	1756	1747
IPT	1043104	1797	1766	1771	1797	1816	1746	1816	1781	1798	1770	1781	1809	1756	1747
IPT	1043278	1797	1766	1772	1798	1817	1746	1815	1782	1799	1770	1782	1809	1756	1747
IPT	1043453	1796	1766	1771	1797	1815	1745	1815	1781	1798	1770	1781	1809	1755	1746
IPT	1043627	1796	1765	1771	1796	1816	1745	1815	1781	1798	1769	1780	1808	1755	1746
IPT	1043801	1796	1765	1771	1796	1816	1745	1815	1780	1798	1770	1780	1809	1755	1746
IPT	1043975	1796	1765	1771	1797	1816	1745	1815	1781	1798	1769	1780	1808	1755	1746
IPT	1044149	1796	1766	1771	1796	1815	1745	1815	1781	1797	1769	1780	1809	1755	1746
IPT	1044323	1796	1766	1770	1796	1815	1745	1815	1780	1798	1769	1780	1809	1755	1746
IPT	1044497	1795	1765	1771	1796	1815	1745	1815	1780	1797	1769	1781	1809	1755	1746
IPT	1044671	1795	1765	1771	1796	1815	1745	1815	1781	1797	1769	1780	1808	1755	1746
IPT	1044845	1796	1765	1770	1796	1814	1744	1814	1781	1797	1769	1779	1808	1755	1746
IPT	1045019	1796	1765	1770	1797	1815	1744	1815	1780	1797	1769	1779	1808	1755	1746
IPT	1045193	1795	1765	1770	1796	1814	1745	1815	1779	1797	1769	1779	1808	1754	1745
IPT	1045367	1794	1765	1770	1796	1815	1744	1814	1780	1796	1768	1779	1808	1754	1745
IPT	1045542	1795	1765	1770	1795	1813	1744	1814	1779	1796	1768	1779	1808	1754	1745
IPT	1045716	1795	1765	1770	1795	1813	1743	1813	1779	1796	1768	1779	1807	1754	1745
IPT	1045890	1795	1764	1769	1795	1813	1744	1813	1779	1796	1768	1779	1808	1753	1745
IPT	1046064	1795	1765	1770	1796	1814	1744	1814	1779	1796	1768	1779	1808	1754	1745
IPT	1046238	1796	1765	1771	1796	1815	1744	1814	1780	1797	1769	1779	1808	1754	1745
IPT	1046413	1795	1765	1770	1796	1815	1744	1815	1781	1797	1769	1779	1808	1755	1746
IPT	1046587	1796	1765	1769	1796	1814	1744	1814	1779	1796	1768	1779	1808	1754	1745
IPT	1046761	1795	1765	1770	1796	1814	1745	1814	1779	1797	1769	1779	1808	1754	1745
IPT	1046935	1795	1765	1770	1795	1814	1744	1813	1779	1796	1768	1779	1808	1754	1746
IPT	1047109	1795	1764	1770	1796	1814	1744	1813	1780	1796	1768	1779	1808	1754	1745
IPT	1047283	1796	1766	1770	1796	1814	1744	1814	1781	1797	1768	1780	1808	1755	1746
IPT	1047457	1796	1765	1771	1797	1815	1745	1814	1781	1797	1769	1780	1808	1755	1746
IPT	1047632	1795	1766	1771	1796	1815	1745	1815	1780	1797	1769	1780	1809	1755	1746
IPT	1047806	1796	1765	1771	1797	1814	1745	1814	1780	1797	1769	1780	1808	1755	1746
IPT	1047980	1796	1766	1770	1796	1815	1745	1815	1780	1797	1769	1779	1808	1755	1746
IPT	1048154	1795	1765	1770	1796	1814	1744	1814	1780	1797	1768	1779	1808	1754	1746
