IPT	1087878	2410	2371	2368	2417	2438	2336	2415	2389	2382	2340	2405	2431	2346	2350
IPT	1088052	2410	2372	2368	2417	2438	2337	2416	2390	2382	2341	2406	2431	2347	2350
IPT	1088226	2410	2371	2369	2418	2438	2337	2415	2390	2382	2341	2405	2431	2346	2350
IPT	1088400	2410	2371	2368	2417	2438	2336	2415	2390	2382	2341	2405	2431	2346	2350
IPT	1088574	2410	2371	2368	2417	2438	2336	2414	2390	2382	2340	2405	2431	2346	2350
IPT	1088748	2410	2371	2368	2416	2437	2336	2414	2389	2382	2340	2405	2431	2346	2350
IPT	1088922	2409	2371	2368	2416	2438	2336	2414	2390	2382	2340	2405	2431	2346	2350
IPT	1089096	2409	2371	2368	2416	2437	2337	2414	2390	2382	2340	2405	2430	2346	2350
IPT	1089270	2409	2371	2369	2417	2437	2336	2414	2389	2382	2340	2405	2431	2345	2350
IPT	1089444	2409	2371	2369	2416	2438	2337	2415	2390	2382	2340	2406	2431	2346	2350
IPT	1089618	2409	2372	2369	2417	2438	2337	2414	2390	2382	2341	2406	2431	2346	2350
IPT	1089792	2409	2371	2368	2416	2438	2337	2414	2389	2382	2340	2405	2431	2346	2350
IPT	1089966	2409	2371	2368	2416	2438	2337	2415	2390	2382	2340	2405	2431	2346	2350
IPT	1090140	2409	2371	2368	2416	2437	2335	2414	2390	2382	2340	2405	2430	2345	2349
IPT	1090314	2409	2370	2368	2416	2437	2336	2413	2389	2382	2339	2405	2430	2345	2349
IPT	1090488	2409	2370	2367	2415	2437	2336	2415	2389	2381	2340	2405	2430	2345	2349
IPT	1090662	2409	2370	2368	2415	2437	2336	2414	2388	2381	2339	2404	2429	2345	2349
IPT	1090836	2409	2370	2368	2416	2436	2336	2414	2389	2381	2339	2405	2429	2345	2350
IPT	1091010	2409	2371	2368	2416	2438	2335	2414	2389	2382	2340	2404	2430	2345	2350
IPT	1091184	2409	2370	2368	2416	2437	2336	2415	2389	2381	2339	2404	2430	2345	2349
IPT	1091358	2409	2370	2367	2416	2437	2336	2413	2389	2382	2340	2405	2430	2345	2350
IPT	1091532	2409	2371	2368	2417	2437	2335	2415	2390	2381	2339	2404	2430	2345	2349
IPT	1091706	2410	2370	2368	2416	2437	2335	2414	2390	2381	2339	2404	2429	2345	2349
IPT	1091880	2410	2371	2368	2416	2437	2336	2415	2391	2381	2340	2404	2431	2345	2350
IPT	1092054	2409	2371	2369	2416	2437	2335	2414	2389	2382	2340	2404	2430	2345	2350
IPT	1092228	2409	2371	2368	2417	2437	2336	2415	2390	2382	2339	2404	2430	2346	2350
IPT	1092402	2409	2371	2369	2416	2438	2335	2414	2391	2382	2339	2403	2431	2346	2350
IPT	1092576	2409	2371	2369	2417	2437	2336	2415	2391	2382	2340	2404	2430	2346	2350
IPT	1092750	2409	2371	2368	2416	2437	2336	2414	2390	2382	2340	2404	2430	2345	2349
IPT	1092924	2408	2371	2368	2416	2437	2336	2414	2390	2382	2339	2404	2430	2345	2349
IPT	1093098	2408	2370	2367	2416	2437	2336	2414	2390	2382	2339	2403	2429	2344	2349
IPT	1093272	2409	2370	2368	2416	2437	2336	2414	2389	2382	2340	2404	2430	2345	2349
IPT	1093446	2409	2371	2368	2416	2437	2335	2414	2389	2383	2340	2404	2430	2345	2350
IPT	1093620	2409	2371	2368	2417	2437	2336	2414	2390	2382	2340	2405	2430	2345	2350
IPT	1093794	2409	2371	2368	2416	2437	2336	2414	2390	2382	2340	2405	2430	2345	2349
IPT	1093968	2410	2373	2368	2418	2438	2337	2415	2391	2383	2341	2405	2430	2346	2350
IPT	1094142	2410	2372	2369	2417	2438	2337	2415	2391	2383	2341	2406	2431	2346	2350
IPT	1094316	2410	2371	2368	2417	2437	2337	2414	2390	2382	2341	2405	2430	2346	2350
IPT	1094490	2409	2372	2368	2417	2438	2336	2415	2391	2382	2340	2405	2431	2346	2350
IPT	1094664	2410	2371	2368	2417	2438	2337	2414	2391	2383	2341	2404	2430	2346	2350
IPT	1094838	2410	2372	2368	2417	2438	2337	2415	2391	2382	2341	2405	2430	2346	2350
IPT	1095013	2409	2372	2368	2416	2438	2337	2415	2390	2382	2341	2404	2431	2346	2350
IPT	1095187	2409	2372	2368	2417	2439	2338	2415	2391	2383	2342	2405	2431	2347	2350
IPT	1095361	2409	2372	2368	2416	2438	2336	2415	2390	2382	2341	2404	2430	2346	2350
IPT	1095535	2410	2371	2369	2417	2438	2337	2415	2391	2382	2341	2404	2430	2346	2350
IPT	1095709	2410	2372	2369	2417	2438	2337	2415	2391	2383	2341	2404	2430	2346	2350
IPT	1095883	2410	2372	2369	2417	2438	2337	2415	2391	2383	2340	2404	2430	2346	2350
IPT	1096057	2410	2371	2369	2417	2438	2337	2415	2389	2382	2341	2404	2430	2346	2350
IPT	1096231	2410	2371	2368	2416	2438	2337	2414	2390	2382	2340	2403	2429	2346	2350
IPT	1096405	2409	2371	2368	2416	2437	2336	2414	2389	2382	2339	2403	2429	2345	2349
IPT	1096579	2410	2371	2368	2416	2437	2336	2414	2389	2382	2339	2403	2429	2345	2349
IPT	1096753	2410	2371	2368	2416	2437	2336	2415	2389	2382	2340	2404	2430	2345	2350
IPT	1096927	2410	2371	2369	2417	2438	2337	2415	2389	2382	2340	2404	2429	2345	2349
IPT	1097102	2409	2371	2368	2416	2437	2337	2414	2389	2382	2340	2404	2429	2346	2349
IPT	1097276	2410	2371	2368	2416	2438	2336	2414	2389	2382	2340	2405	2429	2345	2349
IPT	1097450	2409	2371	2368	2416	2437	2336	2414	2390	2382	2340	2403	2430	2345	2349
IPT	1097624	2409	2371	2368	2416	2437	2336	2414	2389	2381	2339	2403	2429	2345	2349
IPT	1097798	2409	2370	2367	2416	2436	2336	2414	2389	2381	2339	2403	2429	2345	2349
IPT	1097972	2409	2370	2368	2416	2438	2336	2414	2390	2382	2340	2404	2430	2345	2349
IPT	1098146	2408	2370	2368	2415	2437	2336	2414	2389	2381	2340	2403	2429	2344	2349
IPT	1098320	2409	2370	2369	2416	2437	2336	2414	2389	2382	2339	2404	2429	2344	2349
IPT	1098494	2409	2371	2368	2416	2437	2336	2414	2389	2381	2339	2404	2429	2345	2349
IPT	1098668	2408	2371	2368	2417	2437	2336	2414	2390	2381	2339	2404	2429	2345	2349
IPT	1098842	2409	2370	2367	2416	2437	2336	2414	2389	2381	2339	2403	2429	2344	2349
IPT	1099016	2409	2371	2367	2416	2436	2336	2413	2389	2381	2339	2403	2428	2344	2348
IPT	1099190	2409	2371	2368	2417	2438	2336	2414	2390	2382	2340	2403	2428	2344	2349
IPT	1099365	2409	2371	2368	2416	2437	2336	2414	2389	2382	2340	2403	2429	2344	2349
IPT	1099539	2410	2371	2368	2417	2437	2336	2414	2389	2382	2340	2403	2428	2345	2348
IPT	1099713	2410	2372	2369	2416	2438	2337	2414	2390	2382	2340	2404	2430	2346	2349
IPT	1099887	2409	2372	2368	2416	2438	2336	2414	2389	2382	2340	2404	2429	2345	2349
IPT	1100061	2410	2372	2369	2416	2437	2336	2414	2390	2382	2340	2403	2430	2345	2349
IPT	1100235	2409	2371	2369	2416	2437	2336	2414	2389	2382	2340	2403	2429	2345	2349
IPT	1100410	2409	2371	2369	2416	2437	2336	2414	2389	2382	2340	2403	2429	2345	2349
IPT	1100584	2409	2372	2369	2417	2437	2336	2414	2390	2382	2340	2404	2429	2345	2349
IPT	1100758	2409	2372	2369	2416	2438	2336	2414	2390	2382	2340	2403	2429	2345	2349
IPT	1100933	2409	2372	2368	2417	2438	2336	2414	2390	2382	2340	2404	2430	2345	2350
IPT	1101107	2410	2373	2370	2416	2438	2337	2414	2391	2383	2340	2405	2430	2346	2350
IPT	1101281	2409	2371	2368	2417	2438	2337	2415	2390	2382	2340	2405	2429	2346	2350
IPT	1101455	2410	2371	2368	2416	2438	2337	2415	2389	2382	2340	2404	2429	2345	2349
IPT	1101630	2409	2372	2369	2417	2438	2337	2415	2390	2382	2340	2404	2429	2346	2350
IPT	1101804	2410	2372	2368	2417	2438	2337	2415	2391	2383	2340	2404	2429	2346	2350
IPT	1101978	2409	2372	2368	2416	2438	2337	2414	2390	2382	2340	2403	2430	2346	2350
IPT	1102152	2409	2371	2368	2416	2438	2336	2415	2390	2382	2340	2403	2429	2346	2350
IPT	1102327	2409	2372	2370	2416	2439	2337	2415	2390	2382	2341	2404	2430	2346	2350
IPT	1102501	2409	2370	2369	2417	2438	2337	2414	2390	2382	2340	2404	2429	2345	2349
IPT	1102675	2410	2371	2369	2416	2439	2337	2414	2390	2382	2341	2405	2430	2346	2350
IPT	1102849	2409	2372	2370	2417	2439	2337	2415	2390	2383	2341	2405	2430	2346	2350
IPT	1103023	2410	2372	2369	2417	2439	2338	2415	2391	2383	2341	2406	2431	2346	2350
IPT	1103198	2411	2372	2370	2418	2439	2337	2415	2391	2383	2342	2405	2431	2346	2350
IPT	1103372	2410	2371	2369	2417	2438	2336	2415	2390	2382	2341	2405	2430	2346	2350
IPT	1103546	2409	2372	2369	2417	2438	2337	2415	2390	2383	2341	2405	2431	2346	2350
IPT	1103720	2410	2372	2370	2417	2439	2337	2415	2391	2383	2341	2406	2431	2347	2350
IPT	1103895	2411	2372	2371	2418	2439	2338	2415	2390	2383	2342	2406	2431	2347	2351
IPT	1104069	2410	2372	2369	2417	2439	2338	2415	2391	2383	2342	2405	2430	2347	2351
IPT	1104243	2411	2373	2370	2418	2440	2338	2416	2391	2383	2342	2406	2432	2347	2351
IPT	1104418	2411	2372	2369	2417	2439	2337	2415	2391	2383	2340	2406	2431	2346	2350
IPT	1104592	2410	2372	2370	2417	2439	2338	2415	2391	2383	2341	2406	2431	2347	2351
IPT	1104766	2410	2373	2370	2417	2439	2339	2415	2390	2383	2342	2406	2431	2347	2351
IPT	1104940	2411	2372	2370	2418	2439	2338	2415	2391	2383	2341	2406	2431	2347	2351
IPT	1105114	2411	2373	2369	2418	2439	2338	2416	2392	2383	2342	2406	2432	2347	2351
IPT	1105289	2411	2373	2370	2418	2439	2338	2416	2392	2383	2342	2407	2432	2347	2351
IPT	1105463	2411	2373	2369	2418	2440	2338	2416	2391	2383	2342	2406	2432	2347	2351
IPT	1105637	2411	2373	2370	2417	2439	2338	2416	2391	2383	2342	2406	2431	2347	2351
IPT	1105812	2410	2372	2369	2417	2438	2337	2415	2391	2383	2341	2405	2432	2347	2350
IPT	1105986	2411	2372	2369	2417	2439	2337	2415	2390	2383	2341	2405	2431	2346	2350
IPT	1106160	2409	2372	2368	2417	2439	2337	2415	2390	2383	2341	2405	2430	2346	2350
IPT	1106334	2410	2373	2369	2417	2439	2338	2415	2391	2383	2341	2406	2431	2347	2350
IPT	1106508	2410	2373	2368	2418	2439	2338	2415	2390	2383	2341	2406	2432	2346	2350
IPT	1106683	2410	2371	2368	2417	2438	2336	2415	2390	2382	2341	2406	2431	2346	2350
IPT	1106857	2410	2372	2368	2417	2438	2336	2415	2390	2382	2341	2406	2430	2346	2350
IPT	1107031	2410	2372	2368	2417	2438	2337	2415	2390	2383	2341	2406	2431	2346	2351
IPT	1107205	2411	2372	2369	2418	2439	2337	2415	2391	2383	2341	2406	2432	2347	2350
IPT	1107379	2410	2372	2368	2418	2439	2337	2415	2391	2383	2341	2407	2431	2347	2351
IPT	1107553	2410	2372	2369	2417	2438	2337	2415	2391	2383	2341	2407	2431	2347	2351
IPT	1107728	2412	2373	2370	2418	2440	2338	2415	2391	2383	2342	2408	2432	2348	2351
IPT	1107902	2411	2372	2369	2417	2439	2337	2415	2390	2383	2341	2408	2432	2347	2351
IPT	1108076	2411	2372	2369	2417	2439	2338	2416	2391	2383	2341	2407	2432	2347	2351
IPT	1108251	2410	2371	2369	2418	2439	2337	2415	2390	2383	2341	2407	2432	2347	2351
IPT	1108425	2410	2371	2369	2417	2437	2337	2415	2390	2383	2340	2406	2431	2346	2350
IPT	1108599	2410	2372	2369	2417	2438	2337	2415	2390	2383	2340	2406	2431	2346	2350
IPT	1108774	2410	2371	2369	2417	2438	2336	2415	2390	2383	2340	2406	2431	2346	2350
IPT	1108948	2410	2371	2369	2417	2437	2335	2415	2390	2382	2340	2405	2431	2346	2350
IPT	1109122	2409	2372	2369	2417	2438	2337	2415	2390	2382	2340	2406	2431	2346	2350
IPT	1109296	2409	2372	2369	2418	2439	2337	2415	2391	2383	2341	2407	2432	2347	2350
IPT	1109471	2410	2371	2369	2417	2438	2337	2415	2391	2383	2340	2407	2431	2346	2350
IPT	1109645	2410	2372	2369	2417	2438	2337	2415	2391	2383	2341	2406	2431	2347	2350
IPT	1109819	2410	2372	2368	2417	2438	2336	2415	2390	2383	2340	2406	2430	2346	2350
IPT	1109993	2409	2371	2368	2416	2438	2337	2415	2391	2382	2340	2406	2430	2346	2350
IPT	1110167	2411	2372	2368	2417	2439	2337	2414	2392	2383	2341	2407	2431	2347	2351
IPT	1110341	2410	2371	2368	2418	2439	2337	2415	2391	2383	2342	2407	2431	2347	2350
IPT	1110515	2410	2372	2369	2417	2439	2337	2415	2391	2383	2341	2408	2431	2347	2351
IPT	1110689	2410	2372	2369	2417	2439	2337	2415	2391	2383	2341	2406	2431	2347	2351
IPT	1110863	2409	2371	2368	2417	2438	2337	2414	2390	2383	2340	2406	2431	2346	2351
IPT	1111038	2409	2371	2368	2417	2438	2337	2414	2390	2383	2341	2406	2430	2346	2350
IPT	1111212	2410	2372	2369	2417	2439	2337	2415	2390	2383	2341	2406	2431	2347	2351
IPT	1111386	2409	2372	2369	2417	2439	2338	2414	2391	2383	2341	2406	2430	2347	2351
IPT	1111560	2411	2372	2370	2418	2439	2337	2415	2391	2383	2342	2406	2431	2347	2351
IPT	1111734	2410	2371	2369	2417	2438	2337	2415	2391	2383	2342	2406	2431	2347	2351
IPT	1111908	2409	2372	2369	2417	2438	2337	2414	2390	2383	2341	2405	2431	2347	2351
IPT	1112083	2410	2372	2369	2417	2439	2337	2415	2391	2383	2342	2406	2431	2347	2351
IPT	1112257	2410	2371	2369	2417	2439	2336	2415	2390	2383	2342	2406	2431	2347	2350
IPT	1112431	2410	2371	2368	2416	2439	2336	2414	2390	2383	2341	2406	2431	2347	2350
IPT	1112605	2410	2371	2368	2416	2438	2336	2414	2390	2382	2341	2405	2431	2346	2350
IPT	1112779	2409	2371	2368	2417	2438	2337	2415	2391	2383	2342	2406	2431	2346	2350
IPT	1112953	2410	2372	2368	2416	2439	2336	2415	2390	2383	2341	2406	2431	2346	2350
IPT	1113127	2409	2371	2368	2416	2438	2335	2415	2390	2383	2341	2406	2431	2346	2350
IPT	1113301	2409	2370	2368	2416	2438	2336	2414	2390	2382	2340	2406	2431	2345	2350
IPT	1113475	2410	2371	2368	2416	2437	2335	2413	2390	2382	2340	2405	2431	2345	2350
IPT	1113649	2410	2371	2368	2416	2437	2336	2414	2389	2382	2340	2405	2431	2345	2350
IPT	1113823	2409	2372	2368	2416	2437	2336	2414	2390	2382	2340	2405	2431	2346	2350
IPT	1113997	2409	2371	2369	2417	2438	2336	2414	2390	2382	2340	2405	2431	2346	2350
IPT	1114171	2409	2371	2368	2417	2438	2337	2414	2390	2382	2340	2404	2431	2345	2350
IPT	1114345	2409	2371	2368	2417	2438	2336	2414	2390	2382	2340	2405	2431	2346	2350
IPT	1114519	2410	2371	2369	2417	2438	2337	2415	2390	2382	2341	2404	2431	2346	2350
IPT	1114693	2410	2371	2369	2417	2438	2336	2414	2390	2382	2340	2405	2431	2345	2350
IPT	1114867	2410	2371	2369	2416	2438	2336	2414	2390	2382	2341	2405	2431	2346	2350
IPT	1115041	2410	2371	2369	2417	2438	2336	2415	2390	2382	2340	2405	2431	2346	2350
IPT	1115216	2409	2371	2368	2416	2437	2335	2414	2389	2382	2340	2404	2430	2345	2350
IPT	1115390	2409	2371	2369	2416	2437	2336	2414	2390	2382	2340	2404	2430	2346	2350
IPT	1115564	2409	2371	2368	2416	2437	2337	2415	2390	2382	2340	2404	2431	2345	2350
IPT	1115738	2409	2372	2368	2416	2437	2336	2413	2390	2382	2340	2404	2430	2345	2350
IPT	1115912	2410	2371	2369	2417	2437	2336	2414	2391	2382	2340	2404	2431	2346	2350
IPT	1116086	2411	2372	2369	2417	2439	2337	2414	2392	2383	2341	2405	2431	2346	2351
IPT	1116260	2409	2371	2368	2416	2437	2337	2414	2390	2382	2340	2404	2431	2345	2350
IPT	1116434	2408	2370	2367	2416	2437	2335	2414	2390	2382	2340	2404	2430	2345	2349
IPT	1116609	2408	2370	2367	2416	2436	2335	2413	2389	2382	2339	2404	2429	2344	2349
IPT	1116783	2408	2370	2367	2416	2437	2335	2414	2388	2382	2339	2404	2430	2345	2349
IPT	1116957	2409	2371	2368	2417	2436	2335	2413	2389	2382	2340	2404	2430	2345	2350
IPT	1117131	2408	2370	2368	2416	2436	2336	2413	2389	2382	2339	2404	2430	2345	2349
IPT	1117305	2408	2370	2367	2415	2437	2335	2413	2389	2382	2339	2404	2430	2345	2349
IPT	1117479	2408	2371	2369	2417	2437	2335	2414	2390	2382	2341	2405	2430	2346	2350
IPT	1117654	2408	2371	2369	2417	2437	2336	2413	2390	2382	2340	2405	2431	2346	2350
IPT	1117828	2409	2370	2368	2417	2437	2335	2414	2390	2382	2340	2405	2431	2346	2350
