IPT	1173911	2546	2515	2511	2554	2590	2471	2550	2532	2529	2469	2543	2561	2483	2483
IPT	1174085	2546	2515	2511	2555	2592	2471	2550	2533	2530	2469	2543	2562	2483	2483
IPT	1174259	2546	2516	2512	2554	2592	2472	2550	2533	2529	2469	2543	2562	2484	2484
IPT	1174433	2546	2515	2512	2555	2592	2471	2550	2533	2530	2469	2543	2562	2484	2484
IPT	1174607	2546	2515	2512	2555	2591	2473	2551	2533	2530	2469	2544	2562	2484	2485
IPT	1174781	2546	2516	2513	2555	2593	2472	2551	2533	2531	2469	2544	2562	2485	2485
IPT	1174956	2546	2516	2512	2555	2593	2473	2551	2533	2531	2470	2543	2563	2485	2485
IPT	1175130	2545	2515	2513	2555	2593	2472	2550	2533	2530	2470	2543	2562	2484	2485
IPT	1175304	2546	2516	2513	2555	2593	2473	2550	2533	2530	2470	2543	2562	2484	2485
IPT	1175478	2548	2517	2514	2555	2592	2473	2551	2532	2530	2470	2544	2563	2485	2485
IPT	1175652	2547	2518	2514	2556	2594	2473	2551	2534	2531	2471	2545	2563	2486	2486
IPT	1175826	2547	2517	2514	2556	2593	2473	2550	2533	2531	2470	2545	2563	2485	2486
IPT	1176000	2547	2516	2514	2555	2593	2473	2551	2534	2531	2470	2545	2563	2485	2486
IPT	1176174	2546	2516	2513	2554	2593	2472	2551	2533	2530	2470	2545	2562	2485	2485
IPT	1176348	2546	2515	2513	2555	2593	2473	2550	2532	2530	2470	2545	2563	2484	2485
IPT	1176522	2546	2516	2513	2554	2593	2473	2550	2532	2530	2469	2545	2562	2484	2485
IPT	1176697	2546	2516	2512	2555	2593	2473	2551	2534	2531	2470	2545	2562	2485	2485
IPT	1176871	2546	2516	2512	2555	2592	2472	2551	2533	2530	2470	2545	2562	2485	2485
IPT	1177045	2547	2516	2512	2555	2592	2472	2551	2533	2531	2470	2544	2562	2485	2485
IPT	1177219	2546	2517	2512	2555	2592	2472	2550	2533	2530	2469	2544	2561	2484	2485
IPT	1177393	2545	2516	2512	2555	2591	2472	2550	2533	2530	2469	2543	2562	2484	2485
IPT	1177567	2545	2516	2512	2555	2591	2472	2550	2533	2530	2469	2543	2561	2484	2484
IPT	1177741	2545	2515	2511	2554	2591	2472	2550	2532	2529	2469	2543	2561	2484	2483
IPT	1177916	2546	2516	2511	2554	2591	2471	2550	2532	2530	2469	2543	2562	2484	2484
IPT	1178090	2546	2516	2512	2555	2591	2472	2550	2533	2530	2469	2544	2561	2484	2484
IPT	1178264	2547	2516	2511	2555	2593	2472	2551	2533	2530	2470	2544	2562	2485	2485
IPT	1178438	2547	2515	2512	2554	2592	2472	2551	2532	2530	2470	2543	2562	2484	2485
IPT	1178613	2545	2515	2512	2554	2591	2471	2549	2533	2529	2469	2543	2562	2484	2484
IPT	1178787	2545	2515	2511	2554	2592	2471	2549	2533	2530	2469	2542	2562	2484	2484
IPT	1178961	2546	2516	2511	2555	2592	2471	2550	2532	2530	2470	2543	2562	2484	2485
IPT	1179135	2545	2515	2512	2555	2592	2472	2550	2533	2530	2470	2544	2563	2484	2485
IPT	1179309	2545	2516	2512	2555	2592	2472	2550	2533	2530	2469	2543	2563	2484	2484
IPT	1179483	2546	2516	2512	2555	2592	2472	2550	2533	2530	2470	2544	2563	2484	2484
IPT	1179657	2546	2515	2511	2555	2591	2472	2550	2532	2530	2469	2545	2562	2484	2484
IPT	1179831	2546	2516	2511	2555	2592	2472	2549	2532	2530	2470	2544	2562	2484	2484
IPT	1180005	2546	2517	2512	2555	2591	2473	2551	2534	2530	2470	2545	2563	2484	2485
IPT	1180179	2546	2515	2512	2555	2592	2473	2550	2533	2530	2470	2545	2562	2484	2485
IPT	1180353	2546	2515	2511	2554	2591	2472	2550	2532	2530	2470	2544	2562	2484	2484
IPT	1180527	2546	2515	2512	2554	2592	2472	2550	2533	2530	2469	2544	2562	2484	2484
IPT	1180701	2546	2514	2512	2554	2592	2472	2550	2533	2529	2470	2543	2563	2484	2484
IPT	1180875	2546	2515	2511	2554	2592	2473	2550	2533	2530	2470	2544	2563	2484	2484
IPT	1181049	2546	2515	2511	2555	2592	2473	2550	2532	2530	2471	2544	2563	2484	2485
IPT	1181224	2546	2516	2512	2554	2593	2472	2550	2533	2530	2470	2544	2563	2484	2484
IPT	1181398	2545	2516	2512	2555	2592	2472	2550	2533	2530	2469	2544	2563	2484	2484
IPT	1181572	2545	2516	2512	2554	2592	2472	2550	2532	2530	2469	2544	2562	2484	2484
IPT	1181746	2545	2515	2512	2555	2592	2472	2550	2532	2530	2470	2544	2562	2484	2484
IPT	1181920	2546	2516	2512	2554	2592	2472	2549	2532	2529	2469	2544	2562	2484	2484
IPT	1182094	2546	2516	2513	2556	2592	2473	2551	2534	2530	2470	2544	2562	2485	2485
IPT	1182268	2545	2516	2513	2555	2593	2472	2550	2533	2530	2470	2544	2562	2485	2485
IPT	1182442	2545	2515	2511	2555	2592	2472	2550	2533	2530	2469	2544	2562	2485	2485
IPT	1182616	2546	2516	2512	2555	2592	2472	2550	2534	2530	2470	2543	2562	2485	2485
IPT	1182791	2546	2515	2513	2555	2593	2473	2550	2533	2530	2470	2544	2563	2485	2485
IPT	1182965	2545	2515	2512	2554	2591	2472	2550	2533	2530	2470	2544	2562	2485	2485
IPT	1183139	2545	2514	2512	2554	2592	2471	2549	2532	2530	2470	2544	2561	2484	2484
IPT	1183313	2545	2515	2511	2554	2591	2472	2550	2533	2530	2469	2544	2562	2484	2484
IPT	1183487	2546	2515	2512	2554	2592	2471	2550	2532	2531	2470	2544	2562	2485	2485
IPT	1183661	2545	2515	2512	2554	2591	2471	2549	2532	2530	2469	2544	2562	2485	2484
IPT	1183835	2546	2515	2511	2554	2590	2471	2549	2532	2529	2469	2543	2561	2484	2484
IPT	1184009	2545	2515	2511	2554	2590	2471	2549	2532	2530	2469	2544	2562	2484	2485
IPT	1184183	2544	2515	2511	2553	2591	2472	2550	2532	2530	2469	2543	2562	2484	2485
IPT	1184358	2545	2515	2512	2554	2591	2472	2550	2533	2530	2469	2544	2561	2484	2485
IPT	1184532	2545	2515	2512	2555	2591	2471	2549	2533	2531	2469	2544	2562	2485	2485
IPT	1184706	2545	2516	2513	2554	2592	2472	2550	2533	2530	2469	2543	2562	2485	2485
IPT	1184880	2545	2516	2513	2555	2592	2472	2550	2533	2530	2469	2544	2562	2485	2485
IPT	1185054	2546	2516	2512	2554	2591	2472	2550	2534	2531	2469	2544	2562	2485	2486
IPT	1185228	2545	2517	2513	2555	2592	2472	2550	2534	2531	2470	2544	2563	2485	2486
IPT	1185402	2546	2517	2512	2555	2592	2472	2550	2533	2530	2470	2545	2563	2485	2486
IPT	1185576	2545	2516	2512	2554	2591	2472	2550	2533	2530	2469	2545	2562	2485	2486
IPT	1185750	2545	2515	2512	2555	2592	2472	2550	2533	2531	2469	2544	2562	2485	2485
IPT	1185924	2545	2516	2512	2554	2591	2472	2549	2532	2530	2469	2543	2562	2484	2485
IPT	1186098	2545	2516	2511	2554	2591	2472	2549	2532	2530	2469	2543	2561	2484	2484
IPT	1186273	2546	2517	2513	2555	2591	2473	2550	2532	2531	2470	2544	2561	2484	2484
IPT	1186447	2546	2516	2512	2555	2591	2472	2549	2533	2530	2470	2543	2561	2484	2484
IPT	1186621	2546	2515	2512	2554	2591	2472	2550	2533	2530	2469	2543	2562	2484	2484
IPT	1186795	2546	2516	2512	2555	2592	2471	2550	2532	2530	2470	2543	2561	2484	2484
IPT	1186969	2547	2516	2512	2554	2592	2472	2550	2533	2530	2470	2543	2562	2484	2484
IPT	1187144	2546	2515	2512	2554	2591	2472	2550	2533	2530	2469	2544	2562	2484	2485
IPT	1187318	2546	2516	2513	2555	2592	2472	2550	2532	2531	2470	2544	2562	2484	2485
IPT	1187492	2546	2516	2512	2555	2592	2472	2550	2533	2530	2471	2544	2562	2484	2485
IPT	1187666	2545	2516	2512	2555	2592	2472	2550	2532	2530	2470	2544	2562	2484	2485
IPT	1187840	2545	2516	2512	2554	2592	2472	2551	2532	2529	2470	2543	2562	2484	2485
IPT	1188014	2545	2514	2511	2554	2592	2472	2550	2532	2530	2470	2544	2562	2484	2484
IPT	1188188	2546	2515	2512	2555	2592	2471	2550	2532	2530	2470	2544	2561	2485	2485
IPT	1188362	2546	2516	2512	2555	2592	2472	2551	2532	2530	2470	2545	2562	2485	2485
IPT	1188537	2546	2515	2512	2555	2591	2472	2550	2532	2529	2470	2544	2562	2484	2484
IPT	1188711	2546	2515	2513	2555	2591	2472	2550	2531	2530	2470	2544	2562	2484	2484
IPT	1188885	2545	2515	2512	2554	2590	2471	2549	2531	2529	2469	2544	2561	2484	2484
IPT	1189059	2545	2514	2511	2555	2591	2471	2549	2531	2529	2470	2544	2561	2484	2484
IPT	1189233	2546	2515	2512	2555	2590	2470	2549	2531	2529	2469	2543	2561	2484	2484
IPT	1189407	2545	2515	2511	2554	2591	2471	2549	2532	2530	2469	2544	2561	2484	2484
IPT	1189581	2545	2516	2511	2555	2591	2471	2549	2533	2530	2470	2544	2562	2484	2484
IPT	1189755	2545	2515	2511	2555	2591	2471	2549	2532	2530	2470	2544	2561	2484	2484
IPT	1189929	2545	2515	2511	2554	2590	2471	2549	2532	2529	2470	2543	2561	2484	2484
IPT	1190103	2544	2514	2512	2554	2590	2471	2549	2531	2529	2469	2543	2561	2484	2484
IPT	1190278	2545	2515	2511	2555	2591	2471	2549	2532	2530	2470	2544	2562	2484	2484
IPT	1190452	2546	2515	2511	2555	2590	2472	2550	2533	2530	2470	2544	2562	2484	2485
IPT	1190626	2546	2515	2511	2555	2592	2472	2550	2532	2530	2470	2543	2562	2484	2485
IPT	1190800	2545	2515	2511	2555	2591	2472	2549	2532	2530	2470	2544	2563	2484	2485
IPT	1190974	2545	2516	2513	2555	2591	2472	2550	2533	2530	2470	2544	2563	2485	2485
IPT	1191148	2546	2516	2512	2555	2591	2472	2549	2533	2530	2470	2544	2563	2485	2485
IPT	1191322	2545	2515	2511	2555	2590	2472	2549	2532	2530	2471	2544	2563	2484	2485
IPT	1191496	2546	2515	2511	2554	2591	2471	2549	2532	2530	2470	2544	2563	2484	2484
IPT	1191670	2546	2515	2511	2554	2590	2471	2549	2532	2530	2470	2544	2563	2484	2484
IPT	1191844	2545	2515	2511	2554	2592	2471	2549	2532	2530	2470	2544	2563	2484	2484
IPT	1192018	2545	2515	2511	2554	2591	2471	2549	2532	2530	2470	2544	2562	2484	2484
IPT	1192193	2545	2514	2511	2554	2591	2472	2549	2532	2530	2470	2543	2562	2484	2483
IPT	1192367	2545	2515	2512	2554	2591	2471	2550	2532	2529	2470	2544	2562	2484	2484
IPT	1192541	2545	2515	2512	2555	2592	2471	2549	2533	2530	2469	2545	2563	2484	2485
IPT	1192715	2546	2516	2512	2555	2591	2472	2550	2533	2530	2470	2545	2563	2485	2485
IPT	1192889	2545	2516	2512	2555	2591	2471	2550	2533	2530	2470	2545	2562	2484	2485
IPT	1193063	2546	2516	2513	2555	2592	2472	2550	2533	2530	2470	2546	2563	2485	2485
IPT	1193237	2546	2515	2513	2555	2592	2472	2550	2533	2530	2470	2545	2562	2485	2485
IPT	1193411	2546	2515	2512	2555	2592	2472	2550	2533	2530	2470	2545	2562	2485	2485
IPT	1193585	2546	2515	2512	2555	2592	2472	2549	2534	2530	2470	2545	2563	2485	2485
IPT	1193759	2546	2516	2512	2555	2593	2472	2550	2532	2530	2470	2545	2563	2485	2485
IPT	1193933	2546	2516	2512	2555	2592	2472	2550	2533	2530	2470	2546	2562	2486	2485
IPT	1194107	2546	2516	2512	2555	2592	2473	2550	2533	2531	2470	2546	2563	2486	2485
IPT	1194281	2547	2517	2513	2555	2592	2473	2550	2534	2531	2471	2546	2562	2486	2485
IPT	1194455	2546	2517	2513	2555	2593	2473	2550	2534	2530	2471	2545	2562	2486	2485
IPT	1194629	2547	2517	2512	2555	2592	2472	2551	2534	2530	2471	2546	2562	2486	2485
IPT	1194803	2546	2517	2512	2556	2593	2472	2550	2534	2530	2471	2546	2563	2486	2485
IPT	1194977	2546	2517	2512	2556	2592	2473	2550	2533	2531	2470	2546	2563	2485	2485
IPT	1195151	2546	2516	2512	2556	2592	2473	2550	2533	2530	2470	2545	2563	2485	2485
IPT	1195325	2546	2516	2512	2556	2593	2473	2550	2533	2531	2471	2545	2563	2485	2485
IPT	1195499	2547	2516	2512	2555	2593	2473	2551	2533	2530	2471	2545	2562	2485	2485
IPT	1195673	2545	2516	2512	2555	2592	2472	2551	2533	2530	2470	2545	2562	2485	2485
IPT	1195846	2546	2517	2512	2555	2591	2472	2550	2533	2530	2470	2544	2562	2485	2484
IPT	1196020	2546	2516	2512	2555	2593	2472	2550	2533	2530	2470	2545	2562	2485	2485
IPT	1196194	2546	2516	2513	2555	2592	2473	2550	2533	2530	2470	2545	2562	2486	2484
IPT	1196368	2547	2516	2513	2555	2592	2473	2550	2533	2530	2470	2545	2562	2485	2484
IPT	1196542	2547	2516	2512	2555	2592	2473	2550	2533	2530	2470	2544	2563	2485	2484
IPT	1196716	2546	2517	2512	2556	2593	2473	2551	2534	2530	2470	2545	2562	2486	2485
IPT	1196890	2547	2516	2512	2556	2592	2473	2551	2533	2530	2470	2545	2562	2485	2484
IPT	1197064	2545	2516	2512	2555	2592	2472	2550	2533	2530	2470	2544	2561	2485	2484
IPT	1197238	2546	2516	2511	2555	2592	2473	2550	2532	2529	2470	2544	2562	2485	2484
IPT	1197412	2547	2516	2512	2555	2592	2473	2550	2532	2530	2470	2544	2561	2485	2484
IPT	1197586	2546	2516	2512	2555	2592	2472	2550	2533	2530	2470	2544	2562	2485	2484
IPT	1197760	2546	2516	2512	2556	2592	2473	2550	2532	2530	2470	2544	2561	2485	2485
IPT	1197934	2546	2517	2513	2556	2593	2473	2551	2533	2530	2470	2544	2561	2485	2485
IPT	1198108	2547	2516	2512	2556	2592	2473	2550	2533	2530	2470	2544	2561	2485	2485
IPT	1198282	2546	2517	2513	2555	2592	2473	2550	2533	2529	2469	2544	2561	2485	2484
IPT	1198456	2547	2517	2513	2555	2593	2473	2551	2533	2530	2469	2544	2562	2485	2485
IPT	1198630	2547	2517	2513	2555	2593	2473	2551	2533	2530	2470	2545	2562	2485	2485
IPT	1198804	2546	2516	2513	2556	2593	2474	2552	2533	2530	2470	2545	2561	2485	2485
IPT	1198978	2546	2517	2513	2556	2593	2473	2551	2534	2531	2470	2545	2562	2485	2485
IPT	1199152	2546	2516	2513	2554	2592	2473	2551	2534	2530	2470	2544	2561	2484	2485
IPT	1199326	2546	2517	2512	2555	2592	2473	2550	2533	2530	2470	2544	2561	2485	2485
IPT	1199500	2547	2516	2513	2555	2593	2473	2551	2534	2530	2470	2544	2562	2485	2485
IPT	1199674	2546	2516	2514	2556	2594	2474	2551	2535	2530	2471	2544	2563	2485	2485
IPT	1199848	2547	2516	2513	2556	2593	2474	2551	2534	2531	2471	2544	2562	2485	2485
IPT	1200022	2547	2516	2513	2555	2593	2473	2551	2533	2530	2470	2544	2561	2485	2485
IPT	1200196	2547	2516	2513	2555	2592	2472	2551	2534	2530	2470	2544	2562	2485	2485
IPT	1200370	2547	2517	2512	2556	2592	2473	2551	2533	2531	2470	2544	2561	2485	2485
IPT	1200544	2547	2517	2513	2555	2593	2473	2551	2533	2530	2470	2544	2562	2485	2485
IPT	1200718	2547	2516	2512	2555	2592	2473	2550	2533	2530	2470	2544	2562	2485	2484
IPT	1200893	2547	2515	2512	2556	2593	2473	2551	2533	2531	2471	2544	2563	2485	2485
IPT	1201067	2546	2515	2512	2555	2593	2473	2550	2533	2530	2471	2544	2562	2485	2485
IPT	1201241	2547	2515	2512	2555	2592	2472	2550	2532	2531	2470	2543	2562	2485	2484
IPT	1201415	2546	2515	2511	2554	2591	2472	2550	2533	2531	2470	2544	2563	2484	2485
IPT	1201589	2547	2514	2512	2554	2592	2472	2550	2532	2530	2470	2544	2563	2485	2485
IPT	1201764	2546	2516	2512	2554	2593	2473	2550	2533	2531	2471	2544	2563	2485	2485
IPT	1201938	2546	2515	2512	2555	2592	2472	2550	2533	2530	2471	2544	2563	2485	2485
IPT	1202112	2547	2515	2512	2555	2591	2472	2551	2533	2531	2470	2544	2562	2485	2485
IPT	1202286	2546	2516	2512	2555	2592	2472	2550	2533	2530	2470	2544	2562	2485	2484
IPT	1202461	2546	2515	2512	2555	2591	2472	2550	2532	2530	2470	2545	2562	2485	2485
IPT	1202635	2545	2515	2511	2554	2591	2471	2549	2532	2530	2470	2544	2562	2484	2484
IPT	1202809	2545	2515	2511	2554	2590	2472	2549	2532	2530	2469	2544	2561	2484	2484
IPT	1202984	2545	2515	2512	2553	2591	2472	2550	2532	2530	2470	2544	2562	2484	2484
IPT	1203158	2545	2516	2512	2554	2590	2471	2549	2533	2531	2470	2545	2562	2484	2484
IPT	1203332	2545	2516	2512	2554	2591	2472	2549	2531	2530	2469	2544	2562	2484	2484
IPT	1203506	2545	2516	2511	2554	2591	2471	2550	2531	2530	2470	2544	2562	2484	2484
IPT	1203680	2545	2515	2512	2554	2590	2471	2549	2532	2531	2470	2543	2561	2484	2484
IPT	1203854	2544	2515	2512	2554	2590	2471	2550	2532	2530	2470	2544	2561	2484	2484
