IPT	1376365	2711	2690	2695	2717	2754	2633	2720	2704	2738	2631	2716	2736	2655	2654
IPT	1376540	2711	2689	2695	2718	2754	2633	2719	2702	2738	2631	2715	2736	2654	2655
IPT	1376714	2711	2689	2694	2718	2755	2633	2719	2703	2738	2630	2715	2736	2654	2655
IPT	1376889	2711	2689	2695	2718	2754	2633	2720	2703	2738	2630	2715	2737	2654	2655
IPT	1377063	2710	2690	2694	2718	2755	2633	2719	2702	2738	2631	2715	2736	2654	2654
IPT	1377237	2711	2690	2694	2718	2754	2633	2720	2703	2738	2631	2714	2736	2653	2654
IPT	1377411	2712	2690	2694	2718	2754	2632	2720	2703	2738	2631	2714	2736	2654	2654
IPT	1377586	2711	2689	2693	2718	2755	2633	2720	2702	2738	2631	2715	2736	2654	2654
IPT	1377760	2711	2689	2694	2717	2755	2633	2718	2702	2737	2630	2715	2735	2654	2654
IPT	1377934	2711	2689	2694	2717	2755	2633	2719	2702	2738	2630	2716	2736	2654	2655
IPT	1378108	2712	2690	2695	2718	2756	2633	2719	2702	2738	2631	2716	2736	2654	2655
IPT	1378282	2711	2690	2694	2717	2755	2632	2720	2703	2738	2631	2715	2736	2654	2655
IPT	1378456	2711	2691	2694	2718	2755	2633	2720	2702	2738	2631	2716	2735	2654	2655
IPT	1378630	2712	2689	2693	2718	2755	2633	2719	2703	2738	2631	2715	2736	2654	2655
IPT	1378804	2711	2689	2694	2718	2755	2632	2719	2702	2738	2630	2715	2735	2654	2655
IPT	1378979	2711	2690	2694	2719	2755	2633	2719	2702	2738	2630	2715	2736	2654	2654
IPT	1379153	2711	2689	2694	2718	2755	2633	2720	2702	2738	2631	2715	2735	2654	2654
IPT	1379327	2711	2689	2693	2718	2755	2632	2720	2702	2737	2630	2715	2736	2653	2654
IPT	1379501	2711	2689	2693	2717	2755	2632	2720	2702	2738	2630	2715	2737	2654	2654
IPT	1379676	2711	2689	2692	2716	2753	2631	2719	2701	2737	2630	2715	2735	2653	2653
IPT	1379850	2710	2688	2692	2716	2753	2632	2718	2701	2737	2630	2714	2735	2653	2654
IPT	1380024	2711	2689	2694	2717	2755	2632	2719	2703	2738	2630	2715	2736	2653	2654
IPT	1380198	2710	2690	2694	2717	2755	2632	2719	2703	2738	2631	2716	2736	2654	2654
IPT	1380372	2711	2690	2694	2717	2756	2632	2720	2702	2738	2631	2716	2736	2653	2654
IPT	1380546	2712	2690	2694	2718	2756	2632	2720	2702	2738	2631	2716	2736	2653	2654
IPT	1380720	2711	2689	2693	2717	2755	2632	2719	2702	2738	2631	2715	2736	2653	2654
IPT	1380894	2710	2689	2692	2717	2755	2633	2719	2702	2737	2630	2715	2735	2653	2654
IPT	1381068	2710	2689	2692	2716	2754	2632	2719	2702	2737	2630	2714	2735	2652	2653
IPT	1381242	2710	2688	2692	2716	2754	2632	2719	2701	2737	2630	2714	2735	2653	2653
IPT	1381416	2710	2688	2693	2716	2754	2631	2718	2701	2738	2629	2714	2735	2653	2653
IPT	1381590	2710	2688	2693	2717	2754	2632	2718	2701	2737	2629	2715	2736	2653	2654
IPT	1381764	2710	2688	2691	2716	2754	2631	2717	2701	2738	2630	2714	2735	2653	2654
IPT	1381939	2710	2688	2692	2717	2754	2632	2718	2701	2738	2630	2715	2736	2653	2654
IPT	1382113	2710	2689	2692	2717	2754	2632	2718	2702	2738	2630	2714	2735	2653	2654
IPT	1382287	2710	2690	2691	2716	2754	2633	2719	2703	2738	2631	2715	2736	2654	2654
IPT	1382461	2709	2689	2691	2718	2754	2632	2719	2703	2738	2631	2716	2735	2654	2654
IPT	1382635	2710	2689	2692	2718	2754	2632	2719	2702	2738	2630	2716	2735	2653	2654
IPT	1382809	2711	2689	2692	2717	2755	2632	2719	2702	2739	2631	2715	2736	2654	2653
IPT	1382983	2709	2688	2691	2717	2754	2632	2718	2701	2738	2630	2715	2736	2653	2653
IPT	1383157	2709	2690	2691	2716	2754	2632	2719	2702	2737	2629	2715	2735	2653	2653
IPT	1383332	2709	2689	2690	2717	2755	2632	2719	2701	2738	2630	2715	2736	2653	2654
IPT	1383506	2710	2689	2690	2717	2754	2632	2718	2701	2738	2631	2716	2735	2653	2653
IPT	1383680	2710	2690	2691	2717	2754	2632	2719	2701	2738	2631	2716	2735	2653	2653
IPT	1383854	2709	2689	2691	2717	2754	2631	2718	2701	2738	2630	2716	2736	2653	2653
IPT	1384028	2710	2689	2693	2716	2753	2632	2719	2701	2738	2630	2716	2736	2653	2653
IPT	1384202	2710	2689	2693	2717	2753	2632	2718	2701	2738	2630	2716	2736	2653	2654
IPT	1384376	2710	2688	2692	2717	2754	2632	2719	2702	2738	2630	2716	2736	2653	2653
IPT	1384550	2711	2689	2694	2718	2753	2633	2719	2702	2738	2630	2715	2736	2653	2653
IPT	1384724	2710	2690	2695	2717	2754	2633	2719	2702	2738	2631	2716	2736	2654	2655
IPT	1384898	2710	2690	2695	2718	2755	2634	2720	2703	2739	2632	2717	2737	2654	2655
IPT	1385072	2711	2690	2694	2718	2755	2634	2720	2702	2738	2631	2717	2737	2654	2655
IPT	1385247	2710	2689	2693	2718	2755	2634	2720	2702	2739	2631	2716	2737	2654	2655
IPT	1385421	2711	2689	2692	2717	2754	2632	2719	2702	2738	2630	2716	2736	2653	2654
IPT	1385595	2711	2689	2693	2718	2755	2633	2719	2702	2739	2631	2717	2737	2654	2654
IPT	1385769	2711	2689	2693	2718	2754	2633	2719	2702	2739	2631	2716	2737	2654	2654
IPT	1385943	2711	2690	2694	2718	2754	2633	2718	2703	2739	2631	2716	2737	2654	2655
IPT	1386117	2712	2690	2694	2718	2755	2633	2719	2702	2739	2631	2716	2737	2653	2655
IPT	1386291	2711	2689	2693	2718	2755	2633	2719	2702	2739	2631	2717	2737	2654	2655
IPT	1386465	2711	2690	2694	2717	2755	2634	2719	2702	2739	2631	2717	2737	2654	2655
IPT	1386640	2711	2690	2694	2718	2754	2633	2718	2702	2739	2631	2716	2737	2654	2655
IPT	1386814	2710	2690	2693	2717	2754	2632	2718	2701	2738	2632	2716	2736	2653	2654
IPT	1386988	2710	2689	2693	2717	2753	2633	2719	2701	2738	2631	2716	2736	2653	2654
IPT	1387162	2710	2689	2693	2717	2753	2633	2718	2702	2738	2631	2716	2736	2653	2654
IPT	1387336	2709	2689	2694	2717	2754	2632	2719	2702	2739	2631	2717	2736	2654	2655
IPT	1387510	2710	2688	2692	2717	2753	2632	2719	2702	2738	2631	2716	2736	2653	2654
IPT	1387684	2709	2689	2692	2716	2753	2632	2719	2701	2738	2631	2715	2735	2653	2653
IPT	1387858	2709	2689	2692	2716	2753	2632	2718	2701	2738	2630	2715	2736	2653	2653
IPT	1388032	2708	2688	2692	2715	2752	2631	2718	2701	2738	2630	2715	2736	2653	2653
IPT	1388206	2709	2688	2692	2717	2752	2632	2718	2701	2738	2630	2715	2736	2653	2653
IPT	1388381	2709	2688	2691	2716	2753	2631	2718	2701	2738	2630	2715	2736	2653	2653
IPT	1388555	2709	2687	2691	2715	2753	2631	2718	2701	2737	2630	2715	2736	2653	2653
IPT	1388729	2709	2688	2691	2716	2753	2631	2718	2702	2738	2631	2715	2736	2653	2653
IPT	1388903	2709	2688	2690	2716	2752	2630	2718	2702	2737	2630	2715	2736	2653	2653
IPT	1389077	2709	2688	2691	2716	2752	2631	2718	2702	2737	2630	2715	2736	2653	2653
IPT	1389251	2709	2687	2691	2716	2753	2631	2717	2702	2738	2631	2715	2736	2653	2654
IPT	1389425	2709	2688	2691	2716	2752	2631	2717	2702	2738	2630	2715	2736	2653	2653
IPT	1389599	2708	2688	2692	2716	2753	2631	2718	2702	2738	2630	2715	2736	2653	2653
IPT	1389773	2709	2687	2692	2716	2753	2631	2717	2701	2738	2631	2715	2736	2653	2654
IPT	1389947	2708	2687	2692	2715	2752	2630	2717	2701	2737	2630	2715	2735	2653	2653
IPT	1390121	2708	2686	2692	2715	2752	2630	2716	2701	2737	2630	2714	2735	2652	2653
IPT	1390295	2707	2687	2691	2715	2751	2630	2717	2700	2737	2630	2714	2735	2652	2652
IPT	1390469	2708	2686	2692	2714	2752	2631	2717	2701	2737	2629	2714	2735	2652	2653
IPT	1390644	2708	2686	2691	2715	2752	2631	2717	2701	2738	2630	2715	2736	2653	2653
IPT	1390818	2709	2687	2690	2715	2752	2630	2717	2701	2738	2630	2715	2736	2652	2653
IPT	1390992	2708	2687	2692	2715	2752	2631	2717	2701	2737	2630	2714	2736	2652	2653
IPT	1391166	2708	2687	2691	2715	2751	2630	2717	2701	2737	2629	2715	2736	2652	2653
IPT	1391340	2708	2686	2691	2716	2751	2630	2717	2701	2737	2629	2714	2735	2652	2652
IPT	1391514	2708	2687	2692	2715	2751	2631	2718	2701	2738	2630	2715	2736	2652	2653
IPT	1391688	2708	2687	2692	2715	2752	2631	2717	2700	2738	2630	2715	2736	2652	2654
IPT	1391862	2708	2687	2691	2716	2751	2629	2716	2701	2737	2629	2714	2735	2652	2653
IPT	1392036	2707	2686	2690	2715	2751	2630	2716	2701	2737	2629	2714	2735	2652	2653
IPT	1392210	2708	2686	2690	2714	2751	2629	2716	2701	2737	2629	2713	2735	2651	2653
IPT	1392384	2708	2687	2690	2715	2751	2630	2717	2701	2737	2629	2714	2735	2652	2653
IPT	1392558	2709	2686	2691	2715	2752	2630	2718	2702	2737	2629	2714	2735	2652	2653
IPT	1392732	2708	2687	2690	2715	2752	2630	2716	2701	2737	2629	2714	2736	2652	2653
IPT	1392906	2708	2687	2692	2715	2752	2630	2717	2702	2737	2629	2715	2736	2653	2653
IPT	1393080	2708	2688	2691	2716	2752	2631	2717	2701	2738	2630	2714	2736	2652	2653
IPT	1393254	2709	2688	2691	2715	2751	2631	2717	2701	2737	2630	2714	2735	2652	2652
IPT	1393428	2709	2689	2691	2716	2752	2632	2717	2702	2738	2630	2715	2735	2653	2653
IPT	1393603	2708	2688	2692	2716	2752	2631	2717	2701	2738	2630	2715	2735	2652	2652
IPT	1393777	2708	2688	2692	2716	2751	2631	2716	2700	2737	2630	2714	2735	2652	2653
IPT	1393951	2708	2688	2692	2716	2753	2631	2717	2701	2738	2630	2715	2736	2653	2654
IPT	1394125	2709	2688	2692	2716	2753	2632	2717	2701	2738	2631	2715	2736	2653	2653
IPT	1394299	2709	2688	2693	2716	2753	2631	2718	2700	2738	2631	2715	2736	2653	2654
IPT	1394473	2709	2687	2691	2716	2753	2631	2717	2701	2738	2630	2715	2735	2653	2654
IPT	1394648	2709	2687	2691	2715	2753	2630	2717	2700	2737	2630	2714	2735	2652	2653
IPT	1394822	2707	2687	2690	2715	2751	2630	2716	2701	2737	2630	2713	2734	2652	2653
IPT	1394996	2708	2686	2690	2715	2752	2630	2716	2701	2737	2630	2714	2735	2651	2654
IPT	1395171	2707	2687	2690	2715	2752	2630	2717	2701	2737	2629	2713	2735	2651	2653
IPT	1395345	2707	2686	2690	2714	2751	2630	2716	2701	2737	2630	2714	2735	2651	2652
IPT	1395520	2708	2687	2691	2715	2751	2630	2716	2701	2737	2630	2715	2735	2652	2653
IPT	1395694	2708	2687	2691	2716	2752	2630	2717	2701	2737	2630	2715	2735	2652	2653
IPT	1395868	2708	2687	2692	2716	2752	2630	2717	2701	2738	2630	2715	2735	2652	2653
IPT	1396043	2708	2687	2691	2715	2751	2630	2716	2700	2737	2628	2714	2735	2652	2652
IPT	1396217	2708	2687	2692	2716	2752	2630	2716	2700	2737	2629	2714	2735	2652	2652
IPT	1396391	2707	2687	2691	2715	2752	2631	2716	2700	2737	2629	2714	2735	2652	2652
IPT	1396565	2708	2687	2691	2715	2752	2630	2717	2700	2738	2629	2714	2735	2652	2652
IPT	1396739	2708	2685	2690	2714	2751	2630	2716	2700	2737	2629	2713	2735	2652	2652
IPT	1396913	2708	2686	2692	2714	2752	2630	2716	2700	2737	2629	2714	2734	2652	2651
IPT	1397088	2708	2687	2691	2714	2752	2629	2716	2699	2737	2628	2713	2735	2652	2652
IPT	1397262	2707	2688	2691	2714	2751	2630	2716	2700	2737	2629	2714	2735	2652	2652
IPT	1397436	2708	2688	2692	2714	2752	2631	2717	2701	2737	2629	2714	2735	2652	2652
IPT	1397610	2708	2688	2691	2714	2752	2632	2717	2700	2737	2629	2714	2735	2652	2653
IPT	1397784	2708	2687	2691	2714	2752	2630	2716	2700	2736	2629	2713	2734	2651	2652
IPT	1397958	2708	2688	2692	2715	2752	2631	2717	2700	2737	2629	2713	2734	2651	2652
IPT	1398132	2708	2687	2692	2714	2752	2630	2717	2700	2737	2629	2713	2734	2651	2651
IPT	1398306	2708	2687	2692	2714	2751	2631	2717	2699	2737	2629	2713	2735	2651	2651
IPT	1398480	2708	2687	2691	2714	2751	2630	2717	2698	2736	2628	2713	2735	2651	2651
IPT	1398655	2708	2687	2690	2714	2751	2630	2717	2700	2736	2628	2713	2735	2651	2652
IPT	1398829	2708	2687	2690	2714	2751	2630	2717	2700	2736	2628	2713	2735	2651	2652
IPT	1399003	2709	2688	2692	2715	2751	2631	2717	2701	2737	2628	2713	2735	2651	2653
IPT	1399177	2709	2688	2692	2715	2751	2630	2716	2701	2737	2628	2714	2735	2651	2652
IPT	1399351	2709	2688	2692	2715	2752	2631	2717	2700	2737	2629	2714	2735	2651	2652
IPT	1399525	2708	2688	2691	2715	2752	2631	2716	2701	2737	2629	2714	2735	2651	2652
IPT	1399699	2709	2688	2691	2715	2751	2630	2717	2701	2737	2628	2714	2735	2651	2652
IPT	1399873	2707	2688	2692	2716	2752	2631	2716	2700	2737	2629	2714	2735	2651	2652
IPT	1400047	2709	2688	2692	2716	2752	2630	2717	2700	2737	2629	2714	2735	2652	2652
IPT	1400221	2708	2689	2692	2716	2752	2630	2716	2701	2737	2629	2714	2735	2651	2653
IPT	1400395	2709	2688	2691	2717	2751	2631	2717	2701	2737	2629	2715	2735	2652	2652
IPT	1400569	2709	2688	2691	2715	2751	2630	2716	2700	2737	2628	2714	2735	2651	2652
IPT	1400743	2708	2687	2691	2715	2752	2629	2716	2700	2737	2629	2714	2734	2651	2652
IPT	1400917	2709	2688	2692	2715	2752	2630	2717	2701	2737	2629	2715	2735	2651	2653
IPT	1401092	2709	2687	2692	2715	2752	2630	2718	2700	2737	2629	2714	2735	2651	2653
IPT	1401266	2709	2688	2692	2715	2751	2630	2717	2700	2737	2630	2714	2735	2651	2652
IPT	1401440	2709	2688	2691	2715	2751	2631	2716	2700	2737	2629	2714	2735	2652	2652
IPT	1401614	2709	2687	2691	2716	2752	2630	2717	2700	2738	2630	2714	2735	2652	2653
IPT	1401788	2709	2687	2691	2716	2751	2630	2717	2701	2738	2630	2714	2735	2651	2653
IPT	1401962	2710	2688	2690	2715	2751	2629	2716	2700	2737	2630	2713	2734	2651	2652
IPT	1402136	2707	2686	2690	2714	2751	2629	2716	2699	2737	2630	2713	2734	2650	2652
IPT	1402311	2709	2688	2691	2715	2752	2630	2717	2700	2737	2630	2714	2734	2651	2653
IPT	1402485	2708	2687	2690	2715	2752	2631	2717	2701	2738	2630	2715	2735	2652	2654
IPT	1402659	2708	2686	2689	2714	2751	2630	2716	2699	2738	2629	2713	2734	2651	2653
IPT	1402833	2708	2686	2689	2714	2750	2629	2716	2701	2737	2628	2714	2734	2651	2653
IPT	1403007	2708	2686	2690	2713	2750	2628	2716	2700	2737	2628	2713	2734	2651	2652
IPT	1403181	2707	2686	2690	2715	2750	2629	2716	2700	2737	2628	2713	2734	2651	2653
IPT	1403355	2706	2686	2690	2714	2750	2629	2716	2698	2737	2628	2713	2734	2651	2653
IPT	1403529	2707	2686	2690	2714	2750	2629	2716	2699	2737	2628	2713	2733	2651	2652
IPT	1403702	2708	2687	2691	2715	2751	2630	2716	2700	2737	2629	2714	2735	2651	2653
IPT	1403876	2707	2687	2691	2715	2750	2630	2716	2699	2737	2629	2714	2734	2651	2652
IPT	1404050	2707	2687	2691	2715	2750	2631	2716	2700	2737	2628	2713	2734	2651	2652
IPT	1404225	2708	2687	2691	2715	2751	2630	2717	2700	2738	2629	2713	2735	2652	2652
IPT	1404399	2707	2688	2691	2715	2752	2631	2716	2699	2737	2629	2714	2735	2651	2652
IPT	1404573	2708	2688	2692	2715	2751	2630	2715	2699	2738	2630	2714	2734	2652	2652
IPT	1404747	2708	2688	2692	2716	2751	2631	2716	2700	2738	2630	2714	2734	2651	2653
IPT	1404921	2708	2688	2691	2715	2751	2631	2716	2700	2737	2629	2714	2734	2651	2653
IPT	1405095	2708	2688	2691	2716	2750	2630	2716	2700	2737	2629	2713	2734	2651	2653
IPT	1405269	2707	2688	2691	2715	2751	2630	2716	2701	2737	2629	2714	2734	2651	2653
IPT	1405443	2709	2687	2690	2715	2751	2630	2717	2701	2738	2630	2714	2734	2652	2653
IPT	1405617	2709	2687	2692	2716	2752	2632	2717	2701	2738	2629	2714	2735	2652	2653
IPT	1405791	2709	2688	2692	2716	2752	2631	2717	2701	2738	2629	2714	2735	2653	2654
IPT	1405965	2708	2687	2691	2716	2752	2631	2717	2701	2738	2629	2714	2735	2652	2653
IPT	1406140	2709	2687	2691	2716	2752	2631	2717	2701	2737	2629	2714	2735	2652	2652
IPT	1406314	2708	2687	2691	2716	2752	2631	2716	2701	2737	2629	2714	2735	2652	2653
