IPT	997855	2282	2240	2238	2284	2302	2210	2297	2247	2256	2219	2267	2298	2222	2222
IPT	998029	2282	2240	2238	2285	2302	2210	2297	2247	2257	2219	2268	2298	2222	2223
IPT	998203	2281	2240	2238	2285	2301	2211	2296	2246	2257	2218	2267	2298	2221	2222
IPT	998377	2282	2240	2238	2285	2302	2210	2295	2247	2256	2218	2267	2298	2222	2222
IPT	998551	2282	2240	2239	2284	2301	2210	2296	2246	2256	2218	2267	2298	2222	2222
IPT	998725	2282	2240	2239	2285	2301	2210	2296	2247	2256	2218	2267	2298	2222	2223
IPT	998899	2282	2241	2238	2284	2302	2210	2295	2247	2256	2219	2267	2297	2222	2222
IPT	999073	2281	2240	2239	2285	2302	2211	2295	2247	2256	2218	2267	2298	2222	2222
IPT	999247	2281	2240	2239	2284	2301	2210	2296	2246	2257	2219	2267	2298	2221	2222
IPT	999421	2282	2240	2239	2285	2302	2209	2295	2246	2256	2218	2267	2297	2222	2223
IPT	999595	2281	2240	2239	2285	2301	2210	2296	2247	2256	2219	2266	2297	2222	2222
IPT	999769	2282	2240	2239	2285	2301	2210	2296	2248	2256	2219	2267	2298	2222	2222
IPT	999944	2282	2241	2239	2286	2302	2211	2297	2248	2257	2219	2267	2298	2222	2223
IPT	1000118	2282	2240	2240	2286	2302	2210	2297	2247	2256	2219	2267	2298	2222	2223
IPT	1000292	2282	2240	2240	2286	2302	2211	2296	2247	2257	2220	2267	2298	2222	2223
IPT	1000466	2283	2241	2241	2286	2302	2212	2297	2248	2257	2220	2268	2298	2222	2223
IPT	1000640	2283	2241	2241	2286	2303	2211	2297	2248	2257	2220	2268	2299	2223	2223
IPT	1000814	2282	2241	2239	2286	2302	2211	2297	2248	2257	2219	2268	2299	2223	2223
IPT	1000988	2282	2240	2241	2286	2302	2211	2297	2248	2257	2219	2268	2298	2222	2222
IPT	1001162	2282	2241	2240	2286	2302	2212	2297	2247	2257	2219	2268	2299	2222	2223
IPT	1001336	2283	2241	2240	2286	2302	2210	2297	2247	2257	2219	2268	2298	2222	2222
IPT	1001510	2282	2240	2240	2285	2301	2210	2296	2247	2256	2218	2267	2298	2222	2222
IPT	1001684	2282	2240	2239	2285	2302	2210	2297	2246	2256	2218	2268	2298	2222	2222
IPT	1001858	2282	2241	2240	2286	2302	2211	2297	2247	2256	2220	2268	2298	2222	2223
IPT	1002032	2282	2242	2241	2286	2302	2211	2297	2247	2257	2220	2268	2299	2222	2222
IPT	1002206	2283	2242	2241	2286	2302	2211	2297	2248	2257	2220	2268	2299	2223	2223
IPT	1002380	2284	2242	2241	2286	2303	2212	2298	2248	2257	2220	2269	2299	2223	2223
IPT	1002555	2282	2241	2241	2286	2303	2211	2297	2248	2257	2220	2268	2299	2223	2223
IPT	1002729	2283	2241	2240	2286	2303	2211	2297	2249	2257	2220	2268	2299	2223	2223
IPT	1002903	2282	2241	2240	2286	2302	2211	2297	2248	2257	2219	2268	2298	2222	2223
IPT	1003078	2283	2242	2241	2287	2302	2211	2298	2248	2257	2219	2268	2299	2222	2223
IPT	1003252	2283	2242	2241	2286	2302	2212	2298	2248	2257	2219	2269	2299	2223	2223
IPT	1003426	2284	2241	2240	2286	2302	2211	2298	2248	2257	2219	2268	2299	2222	2223
IPT	1003600	2283	2241	2241	2286	2302	2211	2298	2248	2257	2218	2268	2299	2223	2223
IPT	1003774	2283	2241	2240	2285	2303	2212	2298	2248	2257	2219	2268	2298	2223	2223
IPT	1003949	2284	2242	2240	2285	2303	2211	2298	2248	2258	2220	2269	2299	2223	2223
IPT	1004123	2283	2242	2240	2286	2302	2212	2297	2248	2258	2219	2268	2299	2223	2223
IPT	1004297	2283	2241	2239	2285	2302	2211	2297	2248	2257	2219	2268	2299	2223	2223
IPT	1004471	2283	2242	2240	2286	2303	2211	2298	2248	2258	2220	2268	2299	2223	2224
IPT	1004645	2283	2242	2239	2286	2302	2212	2298	2248	2257	2220	2268	2300	2223	2223
IPT	1004819	2283	2242	2240	2286	2303	2212	2298	2248	2257	2220	2268	2299	2223	2223
IPT	1004993	2283	2242	2240	2286	2303	2213	2298	2249	2258	2221	2269	2300	2223	2224
IPT	1005167	2283	2242	2240	2287	2304	2213	2298	2249	2258	2220	2269	2300	2223	2224
IPT	1005341	2284	2242	2240	2286	2303	2211	2298	2248	2258	2220	2268	2300	2223	2223
IPT	1005515	2283	2242	2240	2285	2303	2212	2297	2249	2257	2220	2268	2299	2223	2223
IPT	1005689	2284	2243	2240	2287	2303	2212	2298	2248	2257	2220	2269	2299	2223	2223
IPT	1005863	2283	2243	2240	2287	2303	2212	2298	2249	2257	2220	2268	2299	2223	2224
IPT	1006037	2283	2242	2239	2287	2303	2212	2298	2247	2257	2220	2268	2299	2223	2223
IPT	1006211	2282	2241	2238	2286	2302	2211	2297	2248	2257	2219	2268	2298	2223	2223
IPT	1006385	2283	2242	2239	2286	2302	2213	2297	2247	2257	2220	2268	2299	2223	2223
IPT	1006559	2283	2242	2239	2287	2303	2212	2297	2248	2257	2220	2268	2299	2223	2223
IPT	1006733	2283	2242	2240	2287	2303	2213	2298	2248	2258	2220	2269	2300	2223	2223
IPT	1006907	2283	2241	2239	2286	2303	2212	2298	2247	2258	2220	2268	2299	2223	2223
IPT	1007081	2283	2241	2239	2286	2303	2211	2296	2247	2257	2220	2268	2298	2223	2223
IPT	1007255	2283	2241	2239	2286	2303	2211	2296	2247	2257	2220	2268	2299	2222	2223
IPT	1007429	2282	2241	2238	2286	2302	2211	2297	2247	2256	2220	2268	2298	2222	2222
IPT	1007603	2283	2242	2239	2286	2302	2211	2296	2248	2257	2220	2268	2297	2223	2223
IPT	1007777	2283	2241	2239	2286	2302	2211	2297	2248	2257	2220	2267	2299	2223	2223
IPT	1007951	2283	2241	2239	2286	2303	2212	2296	2248	2257	2221	2268	2298	2223	2223
IPT	1008125	2282	2242	2240	2285	2303	2212	2298	2248	2257	2221	2268	2299	2223	2223
IPT	1008299	2283	2243	2239	2286	2303	2211	2297	2247	2257	2220	2268	2299	2223	2223
IPT	1008474	2282	2242	2239	2286	2303	2211	2297	2248	2257	2220	2268	2298	2223	2223
IPT	1008647	2282	2241	2239	2286	2303	2211	2297	2247	2257	2221	2268	2298	2223	2223
IPT	1008821	2283	2241	2240	2286	2303	2212	2298	2247	2257	2220	2268	2299	2223	2223
IPT	1008995	2284	2242	2239	2286	2303	2212	2297	2248	2257	2221	2268	2299	2223	2223
IPT	1009169	2284	2242	2240	2286	2303	2212	2297	2247	2257	2220	2268	2299	2223	2223
IPT	1009343	2282	2241	2239	2286	2302	2211	2296	2248	2257	2220	2268	2299	2223	2223
IPT	1009517	2284	2241	2239	2286	2303	2212	2297	2249	2257	2220	2268	2299	2223	2223
IPT	1009691	2283	2242	2240	2286	2303	2212	2298	2248	2258	2220	2269	2299	2223	2223
IPT	1009865	2283	2241	2240	2287	2303	2213	2297	2248	2258	2221	2268	2299	2223	2223
IPT	1010039	2283	2242	2240	2286	2303	2212	2298	2248	2257	2221	2269	2299	2223	2223
IPT	1010213	2284	2242	2241	2287	2304	2212	2299	2249	2257	2221	2269	2299	2224	2224
IPT	1010387	2283	2241	2239	2285	2303	2211	2297	2247	2257	2219	2268	2299	2223	2223
IPT	1010561	2283	2242	2240	2286	2303	2212	2298	2247	2257	2220	2268	2299	2223	2223
IPT	1010735	2283	2241	2239	2286	2303	2212	2297	2247	2257	2220	2268	2299	2223	2223
IPT	1010909	2283	2241	2239	2285	2302	2210	2297	2246	2257	2219	2267	2299	2222	2222
IPT	1011083	2282	2241	2239	2286	2303	2211	2297	2247	2257	2219	2268	2299	2223	2223
IPT	1011257	2283	2241	2239	2286	2302	2212	2297	2247	2257	2220	2267	2298	2223	2223
IPT	1011431	2282	2241	2239	2286	2302	2212	2296	2246	2257	2219	2267	2298	2223	2223
IPT	1011605	2282	2241	2238	2286	2302	2212	2297	2247	2257	2219	2267	2298	2223	2223
IPT	1011779	2283	2242	2240	2287	2303	2212	2297	2248	2257	2220	2268	2300	2223	2223
IPT	1011953	2283	2241	2240	2287	2303	2212	2297	2248	2257	2220	2268	2300	2223	2224
IPT	1012127	2283	2242	2241	2286	2303	2212	2297	2248	2258	2220	2269	2300	2223	2224
IPT	1012301	2284	2242	2241	2287	2304	2212	2298	2248	2257	2220	2270	2300	2223	2224
IPT	1012475	2283	2243	2242	2287	2304	2212	2297	2248	2257	2220	2270	2300	2224	2224
IPT	1012649	2284	2243	2240	2287	2304	2212	2298	2249	2258	2220	2269	2300	2224	2224
IPT	1012823	2284	2243	2242	2287	2304	2213	2298	2248	2258	2221	2270	2300	2224	2224
IPT	1012997	2283	2243	2242	2288	2304	2213	2298	2249	2258	2221	2270	2300	2224	2224
IPT	1013171	2284	2243	2241	2288	2304	2213	2298	2248	2258	2220	2270	2301	2224	2224
IPT	1013345	2284	2243	2241	2287	2305	2212	2298	2249	2258	2220	2269	2300	2224	2224
IPT	1013519	2284	2242	2241	2287	2304	2212	2297	2248	2257	2220	2269	2300	2223	2224
IPT	1013693	2284	2242	2240	2287	2304	2212	2297	2249	2257	2220	2269	2300	2224	2223
IPT	1013867	2284	2243	2239	2287	2304	2213	2298	2249	2258	2220	2269	2300	2224	2224
IPT	1014041	2283	2243	2240	2287	2304	2212	2298	2249	2258	2221	2269	2300	2224	2224
IPT	1014215	2284	2243	2241	2287	2304	2213	2299	2249	2258	2221	2269	2300	2224	2224
IPT	1014389	2284	2243	2240	2287	2304	2212	2298	2249	2258	2221	2269	2300	2224	2224
IPT	1014563	2283	2243	2241	2287	2304	2213	2299	2249	2258	2221	2269	2300	2224	2224
IPT	1014737	2284	2242	2240	2287	2304	2212	2299	2249	2258	2221	2269	2300	2224	2224
IPT	1014911	2284	2244	2241	2288	2305	2214	2298	2249	2258	2221	2270	2300	2224	2224
IPT	1015085	2284	2243	2241	2287	2304	2213	2300	2250	2258	2221	2269	2300	2224	2224
IPT	1015259	2283	2242	2240	2287	2304	2213	2298	2248	2258	2221	2269	2300	2224	2224
IPT	1015433	2283	2242	2240	2286	2303	2212	2298	2248	2257	2221	2269	2299	2224	2224
IPT	1015607	2283	2242	2240	2286	2303	2213	2298	2248	2258	2220	2268	2299	2223	2224
IPT	1015781	2284	2242	2239	2286	2304	2212	2298	2248	2257	2221	2269	2300	2223	2224
IPT	1015955	2283	2243	2240	2286	2304	2213	2297	2248	2258	2221	2269	2299	2224	2224
IPT	1016129	2283	2242	2240	2286	2305	2213	2299	2248	2258	2221	2269	2300	2224	2223
IPT	1016304	2284	2242	2239	2286	2303	2212	2298	2247	2257	2220	2269	2299	2223	2223
IPT	1016478	2283	2241	2238	2286	2303	2212	2297	2247	2257	2220	2269	2299	2223	2223
IPT	1016652	2283	2242	2238	2286	2303	2212	2298	2247	2257	2220	2268	2300	2223	2223
IPT	1016826	2283	2241	2239	2286	2303	2212	2298	2248	2257	2220	2268	2299	2223	2223
IPT	1017000	2283	2241	2239	2286	2303	2212	2298	2247	2256	2220	2268	2299	2223	2223
IPT	1017174	2284	2241	2238	2286	2303	2211	2297	2247	2257	2220	2268	2299	2223	2223
IPT	1017348	2283	2242	2240	2286	2303	2212	2298	2248	2257	2220	2268	2299	2223	2223
IPT	1017522	2283	2242	2240	2286	2304	2213	2298	2248	2257	2220	2269	2300	2223	2224
IPT	1017696	2283	2242	2241	2287	2303	2212	2298	2248	2257	2220	2268	2300	2223	2224
IPT	1017870	2284	2242	2240	2286	2304	2213	2298	2248	2257	2220	2269	2300	2223	2223
IPT	1018044	2284	2242	2241	2286	2304	2212	2298	2248	2257	2220	2269	2300	2223	2224
IPT	1018218	2284	2242	2240	2287	2304	2213	2298	2249	2258	2221	2269	2301	2224	2224
IPT	1018392	2285	2243	2242	2287	2305	2215	2299	2250	2258	2221	2270	2302	2224	2224
IPT	1018567	2285	2242	2242	2288	2305	2214	2299	2249	2258	2220	2270	2301	2224	2224
IPT	1018741	2285	2243	2241	2287	2305	2214	2299	2249	2258	2221	2270	2301	2224	2224
IPT	1018915	2284	2243	2241	2287	2304	2213	2299	2249	2258	2221	2270	2301	2224	2224
IPT	1019090	2285	2243	2241	2287	2305	2214	2299	2249	2258	2221	2269	2300	2224	2224
IPT	1019264	2283	2242	2240	2286	2304	2212	2298	2248	2257	2220	2269	2300	2223	2223
IPT	1019438	2284	2242	2240	2286	2304	2212	2298	2247	2257	2220	2269	2299	2223	2223
IPT	1019613	2283	2242	2240	2287	2304	2213	2298	2249	2257	2220	2269	2300	2223	2223
IPT	1019787	2284	2243	2241	2287	2304	2212	2299	2248	2257	2220	2269	2300	2223	2224
IPT	1019961	2284	2242	2241	2287	2304	2214	2299	2250	2258	2220	2270	2301	2223	2224
IPT	1020135	2284	2243	2240	2287	2304	2213	2298	2248	2258	2221	2269	2300	2224	2224
IPT	1020310	2284	2242	2240	2287	2304	2213	2299	2248	2258	2221	2269	2301	2223	2224
IPT	1020484	2284	2244	2241	2287	2304	2214	2299	2248	2258	2221	2269	2301	2224	2224
IPT	1020658	2284	2243	2241	2287	2306	2214	2299	2249	2259	2222	2270	2301	2224	2225
IPT	1020832	2284	2243	2241	2287	2305	2213	2299	2249	2258	2221	2270	2300	2224	2224
IPT	1021006	2285	2243	2241	2287	2305	2214	2299	2249	2258	2221	2269	2301	2224	2225
IPT	1021180	2284	2242	2241	2287	2305	2214	2300	2248	2258	2221	2270	2301	2224	2224
IPT	1021354	2284	2243	2242	2287	2305	2213	2300	2249	2258	2221	2270	2301	2224	2225
IPT	1021528	2284	2243	2242	2287	2305	2213	2299	2249	2258	2221	2270	2300	2224	2224
IPT	1021702	2285	2244	2242	2287	2305	2214	2299	2249	2259	2221	2270	2301	2224	2224
IPT	1021877	2284	2244	2241	2287	2305	2213	2299	2249	2259	2221	2270	2301	2224	2224
IPT	1022051	2285	2244	2242	2288	2304	2214	2299	2249	2258	2221	2270	2301	2224	2225
IPT	1022225	2284	2244	2242	2288	2305	2214	2299	2249	2259	2222	2271	2301	2224	2225
IPT	1022399	2284	2243	2242	2287	2305	2213	2299	2249	2258	2221	2270	2299	2224	2224
IPT	1022573	2284	2242	2241	2287	2304	2212	2298	2249	2258	2221	2270	2300	2224	2224
IPT	1022747	2284	2243	2241	2287	2305	2213	2300	2249	2259	2221	2271	2300	2224	2224
IPT	1022921	2284	2243	2241	2287	2305	2214	2300	2249	2259	2222	2271	2301	2224	2224
IPT	1023095	2284	2244	2241	2287	2305	2213	2299	2249	2258	2222	2270	2300	2224	2224
IPT	1023269	2284	2243	2241	2287	2305	2213	2299	2250	2258	2222	2271	2300	2224	2224
IPT	1023443	2285	2244	2241	2287	2305	2213	2299	2250	2258	2221	2271	2300	2224	2224
IPT	1023617	2285	2245	2242	2288	2305	2214	2300	2250	2259	2221	2271	2301	2224	2224
IPT	1023791	2285	2244	2241	2288	2305	2214	2300	2250	2259	2221	2271	2301	2224	2225
IPT	1023965	2285	2244	2242	2288	2305	2214	2300	2251	2259	2221	2271	2301	2224	2225
IPT	1024139	2285	2244	2242	2287	2305	2214	2299	2251	2259	2222	2271	2301	2224	2225
IPT	1024313	2285	2244	2242	2288	2305	2215	2300	2250	2259	2221	2271	2302	2224	2225
IPT	1024487	2285	2245	2242	2289	2306	2215	2300	2251	2260	2222	2271	2301	2224	2225
IPT	1024661	2285	2245	2242	2288	2306	2214	2300	2250	2259	2221	2271	2301	2224	2225
IPT	1024835	2285	2244	2242	2288	2306	2215	2300	2251	2259	2222	2271	2302	2225	2225
IPT	1025009	2285	2244	2242	2288	2306	2215	2300	2251	2259	2223	2272	2302	2225	2225
IPT	1025183	2284	2244	2241	2288	2306	2215	2300	2251	2259	2222	2272	2301	2224	2225
IPT	1025358	2285	2244	2241	2288	2305	2214	2300	2251	2259	2221	2271	2301	2225	2225
IPT	1025532	2285	2244	2241	2288	2305	2214	2299	2250	2258	2222	2271	2300	2224	2224
IPT	1025706	2285	2243	2241	2288	2305	2214	2299	2250	2259	2222	2271	2301	2224	2224
IPT	1025880	2285	2244	2243	2288	2306	2214	2300	2251	2259	2221	2271	2302	2225	2225
IPT	1026054	2285	2245	2242	2288	2305	2215	2300	2251	2259	2222	2271	2302	2225	2225
IPT	1026228	2285	2245	2242	2288	2306	2215	2301	2251	2260	2222	2271	2302	2225	2225
IPT	1026402	2285	2244	2242	2288	2305	2214	2300	2251	2259	2221	2272	2301	2225	2225
IPT	1026576	2285	2244	2242	2288	2305	2214	2300	2250	2259	2221	2271	2301	2224	2225
IPT	1026750	2285	2244	2242	2288	2305	2214	2300	2250	2259	2221	2271	2301	2224	2225
IPT	1026924	2285	2244	2242	2287	2305	2214	2300	2250	2259	2221	2271	2301	2224	2225
IPT	1027098	2285	2244	2242	2288	2305	2214	2300	2250	2258	2221	2271	2301	2224	2224
IPT	1027272	2286	2245	2242	2288	2305	2215	2300	2251	2259	2221	2271	2301	2225	2225
IPT	1027446	2284	2244	2243	2288	2305	2214	2300	2250	2259	2221	2271	2302	2225	2225
IPT	1027619	2285	2245	2243	2289	2306	2215	2300	2251	2260	2221	2272	2302	2225	2225
IPT	1027793	2286	2245	2243	2289	2305	2215	2301	2251	2260	2222	2271	2302	2225	2225
