IPT	9258888	2323	2343	2387	2435	2497	2399	2542	2523	3706	3677	3697	3641	3639	3641
IPT	9259062	2328	2344	2391	2439	2499	2402	2543	2524	3706	3677	3698	3642	3639	3641
IPT	9259236	2323	2330	2388	2432	2500	2405	2545	2526	3706	3678	3698	3642	3638	3642
IPT	9259410	2326	2330	2393	2436	2502	2405	2547	2523	3706	3678	3698	3642	3638	3641
IPT	9259584	2332	2341	2405	2447	2506	2407	2547	2522	3706	3677	3698	3642	3638	3640
IPT	9259758	2330	2337	2411	2447	2508	2405	2547	2523	3707	3677	3697	3642	3638	3641
IPT	9259932	2326	2331	2411	2440	2508	2399	2545	2520	3706	3677	3698	3642	3638	3641
IPT	9260106	2324	2326	2412	2432	2511	2402	2546	2522	3706	3677	3697	3642	3638	3641
IPT	9260280	2331	2336	2415	2442	2511	2403	2547	2523	3706	3678	3698	3642	3638	3641
IPT	9260455	2335	2349	2420	2454	2515	2407	2549	2526	3706	3678	3698	3642	3638	3641
IPT	9260629	2344	2358	2423	2462	2520	2412	2551	2529	3707	3678	3697	3642	3639	3641
IPT	9260803	2340	2360	2430	2470	2524	2418	2554	2533	3706	3678	3697	3642	3638	3641
IPT	9260977	2336	2354	2439	2471	2528	2422	2555	2531	3706	3677	3697	3642	3638	3641
IPT	9261151	2330	2346	2434	2467	2526	2418	2554	2529	3706	3677	3697	3641	3638	3641
IPT	9261325	2335	2350	2433	2469	2525	2419	2555	2532	3706	3677	3697	3641	3638	3641
IPT	9261499	2339	2356	2433	2472	2529	2426	2556	2531	3706	3677	3697	3642	3638	3641
IPT	9261673	2339	2349	2426	2465	2528	2421	2554	2526	3706	3677	3697	3642	3638	3641
IPT	9261847	2331	2341	2417	2459	2520	2419	2551	2522	3707	3677	3697	3642	3638	3640
IPT	9262021	2323	2342	2417	2461	2515	2414	2547	2516	3705	3677	3697	3641	3638	3641
IPT	9262195	2327	2351	2420	2467	2513	2409	2543	2512	3706	3677	3697	3641	3638	3641
IPT	9262369	2335	2351	2422	2468	2514	2409	2544	2516	3706	3677	3697	3642	3638	3640
IPT	9262543	2330	2335	2413	2454	2513	2409	2545	2517	3706	3677	3697	3642	3638	3641
IPT	9262717	2330	2329	2415	2453	2511	2404	2543	2513	3706	3678	3698	3642	3638	3641
IPT	9262891	2323	2320	2402	2444	2504	2398	2540	2514	3706	3677	3697	3642	3638	3641
IPT	9263066	2312	2314	2402	2435	2500	2395	2539	2513	3706	3677	3698	3641	3638	3641
IPT	9263240	2310	2310	2403	2434	2498	2394	2538	2516	3706	3677	3697	3642	3637	3640
IPT	9263414	2307	2306	2408	2431	2506	2404	2544	2522	3706	3677	3697	3641	3638	3641
IPT	9263588	2316	2320	2421	2446	2513	2411	2548	2524	3706	3677	3697	3641	3638	3641
IPT	9263763	2326	2337	2428	2458	2519	2416	2550	2524	3706	3678	3697	3642	3638	3641
IPT	9263937	2334	2348	2431	2468	2521	2417	2550	2525	3706	3677	3697	3642	3638	3641
IPT	9264111	2344	2353	2422	2469	2518	2415	2549	2522	3706	3676	3696	3641	3637	3640
IPT	9264285	2342	2351	2416	2464	2513	2413	2550	2523	3706	3677	3697	3641	3638	3640
IPT	9264459	2332	2346	2422	2466	2515	2418	2552	2525	3706	3677	3697	3641	3638	3640
IPT	9264633	2334	2345	2427	2469	2520	2417	2553	2527	3705	3677	3697	3641	3638	3640
IPT	9264808	2335	2346	2419	2464	2516	2418	2554	2528	3706	3677	3697	3641	3638	3641
IPT	9264982	2326	2347	2425	2465	2517	2418	2552	2525	3706	3677	3698	3641	3639	3640
IPT	9265156	2324	2350	2427	2468	2518	2417	2552	2524	3707	3677	3698	3642	3638	3641
IPT	9265331	2329	2352	2428	2470	2517	2410	2548	2519	3706	3678	3696	3642	3638	3641
IPT	9265505	2326	2351	2422	2468	2512	2406	2543	2513	3706	3676	3697	3642	3638	3640
IPT	9265679	2317	2348	2423	2470	2517	2411	2546	2518	3706	3677	3697	3642	3638	3641
IPT	9265853	2323	2352	2423	2470	2519	2412	2547	2522	3706	3677	3697	3642	3638	3640
IPT	9266028	2329	2350	2416	2463	2515	2407	2546	2524	3706	3677	3697	3641	3638	3641
IPT	9266202	2334	2352	2416	2465	2513	2408	2547	2524	3706	3677	3697	3641	3638	3641
IPT	9266376	2337	2354	2418	2470	2516	2413	2550	2526	3706	3677	3697	3641	3638	3640
IPT	9266550	2343	2364	2426	2478	2520	2413	2550	2528	3705	3677	3697	3641	3637	3640
IPT	9266724	2354	2366	2435	2480	2526	2419	2554	2530	3705	3676	3697	3641	3638	3640
IPT	9266898	2363	2370	2446	2486	2532	2426	2556	2530	3705	3677	3697	3641	3638	3640
IPT	9267072	2366	2376	2447	2492	2532	2425	2556	2532	3706	3677	3697	3642	3637	3640
IPT	9267246	2368	2372	2444	2487	2530	2426	2557	2533	3705	3677	3697	3641	3638	3640
IPT	9267420	2359	2360	2430	2481	2522	2421	2557	2532	3706	3677	3697	3641	3637	3640
IPT	9267594	2354	2355	2412	2471	2512	2416	2556	2530	3706	3676	3697	3642	3638	3640
IPT	9267768	2354	2355	2405	2465	2505	2409	2553	2532	3706	3677	3697	3641	3638	3640
IPT	9267942	2349	2347	2401	2462	2502	2408	2553	2531	3706	3677	3697	3641	3638	3640
IPT	9268116	2347	2344	2401	2457	2504	2410	2555	2532	3706	3677	3697	3641	3637	3640
IPT	9268290	2348	2343	2404	2454	2506	2411	2556	2532	3706	3677	3697	3642	3638	3641
IPT	9268464	2344	2343	2411	2455	2509	2413	2557	2532	3706	3677	3697	3641	3638	3641
IPT	9268638	2339	2353	2414	2460	2511	2416	2557	2531	3706	3677	3697	3642	3637	3640
IPT	9268812	2340	2354	2417	2460	2514	2413	2552	2521	3706	3677	3696	3641	3637	3640
IPT	9268986	2337	2352	2421	2461	2517	2413	2549	2518	3706	3677	3697	3641	3638	3641
IPT	9269160	2333	2343	2414	2453	2512	2405	2545	2513	3706	3676	3696	3641	3638	3640
IPT	9269334	2323	2327	2415	2447	2513	2405	2545	2515	3706	3677	3697	3641	3638	3640
IPT	9269508	2312	2307	2410	2429	2511	2406	2545	2516	3706	3677	3697	3641	3638	3640
IPT	9269682	2313	2306	2413	2429	2508	2402	2543	2515	3705	3677	3697	3641	3638	3640
IPT	9269857	2310	2306	2415	2432	2511	2405	2544	2519	3705	3676	3696	3641	3637	3639
IPT	9270031	2304	2303	2407	2430	2509	2406	2545	2522	3705	3676	3696	3641	3637	3640
IPT	9270205	2305	2309	2408	2431	2508	2405	2544	2523	3705	3676	3697	3641	3637	3640
IPT	9270379	2313	2307	2410	2434	2510	2409	2545	2525	3705	3676	3696	3641	3637	3640
IPT	9270553	2326	2325	2425	2451	2519	2415	2549	2527	3705	3677	3696	3641	3638	3640
IPT	9270727	2336	2340	2434	2463	2523	2419	2552	2528	3706	3676	3697	3642	3638	3640
IPT	9270901	2329	2347	2443	2470	2527	2419	2553	2530	3706	3677	3697	3641	3638	3640
IPT	9271075	2324	2347	2436	2469	2529	2422	2554	2530	3706	3677	3697	3641	3638	3640
IPT	9271249	2323	2343	2420	2461	2521	2417	2551	2529	3706	3677	3696	3641	3638	3640
IPT	9271423	2318	2341	2417	2460	2516	2413	2549	2527	3705	3677	3697	3641	3638	3640
IPT	9271597	2313	2332	2398	2448	2506	2409	2547	2526	3705	3677	3696	3641	3637	3639
IPT	9271771	2303	2306	2387	2428	2499	2403	2544	2521	3705	3676	3697	3640	3637	3640
IPT	9271945	2299	2308	2400	2434	2503	2404	2545	2522	3705	3677	3697	3641	3638	3640
IPT	9272119	2312	2326	2413	2447	2510	2409	2548	2526	3705	3677	3697	3641	3637	3640
IPT	9272293	2313	2336	2418	2452	2514	2413	2550	2530	3706	3677	3697	3641	3638	3640
IPT	9272467	2321	2346	2424	2460	2517	2415	2552	2530	3706	3676	3697	3641	3638	3640
IPT	9272641	2326	2349	2426	2459	2520	2417	2552	2526	3706	3677	3697	3642	3638	3641
IPT	9272815	2319	2337	2415	2450	2517	2415	2550	2525	3706	3677	3697	3641	3638	3641
IPT	9272989	2313	2337	2417	2453	2518	2415	2551	2526	3705	3677	3697	3641	3637	3639
IPT	9273164	2316	2349	2429	2466	2525	2420	2552	2528	3705	3677	3697	3641	3638	3640
IPT	9273338	2325	2362	2438	2477	2529	2424	2555	2531	3705	3676	3697	3641	3637	3640
IPT	9273512	2330	2359	2433	2469	2528	2423	2556	2533	3705	3677	3696	3642	3638	3641
IPT	9273686	2335	2365	2436	2472	2530	2425	2557	2535	3705	3677	3697	3641	3637	3640
IPT	9273860	2350	2376	2434	2478	2531	2425	2558	2537	3706	3677	3697	3641	3638	3640
IPT	9274034	2362	2380	2433	2478	2532	2424	2559	2537	3705	3677	3696	3642	3637	3640
IPT	9274208	2367	2370	2425	2466	2530	2426	2559	2536	3705	3676	3696	3641	3637	3640
IPT	9274382	2366	2366	2427	2467	2528	2425	2558	2534	3706	3677	3697	3641	3637	3641
IPT	9274556	2366	2364	2432	2474	2523	2420	2557	2534	3706	3677	3697	3641	3638	3640
IPT	9274730	2360	2354	2434	2472	2523	2419	2557	2532	3705	3677	3697	3641	3638	3640
IPT	9274904	2356	2343	2423	2459	2523	2419	2556	2529	3706	3677	3697	3642	3638	3641
IPT	9275078	2344	2332	2423	2447	2522	2420	2557	2530	3707	3677	3697	3642	3638	3640
IPT	9275252	2338	2333	2419	2449	2523	2422	2557	2531	3706	3677	3698	3642	3638	3641
IPT	9275426	2336	2334	2418	2449	2523	2421	2558	2532	3706	3677	3697	3641	3637	3640
IPT	9275600	2331	2321	2416	2444	2523	2422	2558	2531	3706	3677	3697	3642	3638	3641
IPT	9275775	2335	2322	2419	2447	2524	2423	2557	2531	3706	3676	3697	3641	3638	3640
IPT	9275949	2337	2326	2424	2451	2528	2426	2558	2533	3706	3677	3697	3642	3637	3640
IPT	9276123	2330	2323	2418	2446	2526	2425	2559	2533	3706	3677	3697	3641	3638	3640
IPT	9276297	2318	2321	2419	2444	2524	2426	2559	2530	3706	3677	3697	3641	3638	3640
IPT	9276471	2313	2321	2423	2445	2526	2427	2558	2530	3706	3677	3697	3641	3638	3640
IPT	9276645	2320	2327	2427	2449	2528	2423	2557	2529	3706	3677	3697	3641	3638	3641
IPT	9276819	2326	2341	2430	2460	2528	2422	2557	2531	3706	3677	3697	3642	3638	3641
IPT	9276994	2328	2348	2424	2460	2524	2421	2558	2533	3707	3677	3697	3642	3639	3641
IPT	9277168	2328	2339	2407	2445	2514	2418	2559	2536	3707	3678	3698	3643	3639	3641
IPT	9277342	2326	2330	2399	2442	2509	2419	2560	2535	3707	3678	3697	3642	3638	3641
IPT	9277516	2325	2323	2388	2437	2504	2414	2557	2531	3706	3677	3697	3642	3638	3641
IPT	9277690	2323	2315	2373	2421	2495	2410	2555	2527	3707	3678	3698	3642	3639	3641
IPT	9277864	2314	2300	2365	2408	2489	2402	2553	2524	3707	3677	3698	3643	3639	3642
IPT	9278038	2310	2306	2378	2418	2492	2404	2552	2525	3706	3677	3697	3642	3638	3641
IPT	9278212	2317	2322	2393	2433	2500	2410	2553	2523	3707	3678	3698	3642	3638	3641
IPT	9278386	2308	2332	2389	2437	2502	2406	2549	2517	3706	3677	3698	3642	3639	3641
IPT	9278560	2305	2338	2398	2442	2507	2405	2549	2519	3706	3677	3697	3642	3638	3641
IPT	9278734	2307	2343	2405	2447	2511	2411	2550	2519	3706	3677	3697	3642	3638	3640
IPT	9278908	2315	2343	2405	2448	2511	2404	2545	2512	3706	3678	3698	3642	3638	3641
IPT	9279082	2310	2334	2398	2442	2509	2404	2544	2511	3706	3678	3698	3642	3638	3640
IPT	9279256	2299	2323	2400	2440	2511	2407	2545	2515	3706	3677	3697	3642	3638	3641
IPT	9279430	2307	2322	2392	2437	2509	2409	2546	2517	3706	3677	3697	3642	3638	3641
IPT	9279604	2311	2318	2384	2427	2500	2401	2546	2520	3706	3677	3697	3641	3638	3640
IPT	9279778	2321	2332	2396	2437	2505	2409	2549	2523	3706	3677	3697	3641	3638	3640
IPT	9279952	2327	2338	2410	2443	2513	2412	2551	2527	3706	3677	3697	3641	3638	3641
IPT	9280126	2322	2329	2416	2442	2518	2416	2552	2529	3706	3677	3697	3642	3638	3640
IPT	9280300	2316	2318	2414	2440	2519	2419	2555	2530	3706	3678	3698	3642	3638	3641
IPT	9280474	2317	2315	2412	2437	2514	2419	2555	2529	3706	3678	3698	3642	3639	3641
IPT	9280648	2325	2327	2408	2439	2511	2415	2555	2526	3706	3678	3697	3642	3638	3641
IPT	9280822	2328	2330	2395	2432	2505	2413	2553	2524	3706	3677	3698	3642	3639	3641
IPT	9280996	2335	2337	2395	2436	2503	2412	2553	2524	3707	3677	3697	3642	3638	3641
IPT	9281169	2334	2337	2388	2433	2501	2403	2550	2525	3706	3677	3697	3641	3638	3641
IPT	9281343	2328	2324	2395	2437	2503	2405	2551	2526	3707	3677	3697	3642	3638	3640
IPT	9281517	2325	2322	2402	2446	2504	2411	2553	2527	3706	3677	3697	3641	3638	3640
IPT	9281691	2324	2318	2408	2443	2510	2411	2553	2527	3706	3677	3697	3641	3639	3641
IPT	9281865	2324	2312	2397	2429	2511	2413	2552	2526	3706	3677	3698	3642	3638	3641
IPT	9282039	2318	2310	2406	2431	2515	2416	2554	2529	3706	3678	3697	3642	3638	3641
IPT	9282213	2317	2321	2417	2444	2518	2414	2553	2529	3707	3678	3698	3642	3639	3641
IPT	9282387	2325	2338	2420	2451	2519	2417	2553	2528	3707	3679	3698	3643	3639	3642
IPT	9282561	2327	2338	2417	2451	2509	2409	2552	2527	3707	3678	3698	3642	3639	3641
IPT	9282735	2322	2333	2407	2447	2500	2406	2553	2526	3706	3677	3698	3643	3638	3641
IPT	9282909	2320	2323	2402	2438	2500	2403	2552	2527	3707	3677	3698	3642	3638	3640
IPT	9283083	2313	2319	2399	2433	2496	2401	2548	2526	3706	3678	3698	3643	3638	3641
IPT	9283257	2300	2305	2401	2425	2498	2401	2548	2527	3707	3678	3697	3643	3639	3641
IPT	9283431	2286	2298	2405	2425	2501	2404	2548	2523	3706	3678	3698	3642	3638	3641
IPT	9283605	2285	2307	2409	2431	2505	2404	2549	2524	3706	3677	3697	3641	3638	3640
IPT	9283779	2287	2322	2407	2436	2500	2403	2549	2525	3706	3677	3697	3642	3638	3641
IPT	9283953	2295	2332	2409	2442	2497	2400	2548	2523	3706	3677	3697	3642	3639	3641
IPT	9284127	2307	2339	2418	2446	2501	2400	2549	2523	3706	3677	3698	3642	3638	3641
IPT	9284301	2317	2349	2418	2451	2502	2400	2548	2519	3706	3677	3697	3642	3638	3641
IPT	9284474	2317	2347	2418	2453	2504	2402	2549	2521	3706	3677	3698	3642	3638	3641
IPT	9284648	2320	2338	2406	2445	2506	2407	2552	2524	3707	3677	3698	3642	3639	3641
IPT	9284822	2320	2332	2401	2443	2504	2409	2552	2524	3706	3677	3697	3642	3638	3641
IPT	9284996	2326	2341	2403	2446	2501	2407	2549	2519	3706	3677	3697	3642	3638	3641
IPT	9285170	2337	2349	2402	2450	2499	2405	2548	2519	3706	3677	3698	3643	3638	3641
IPT	9285344	2339	2347	2397	2448	2492	2402	2548	2519	3706	3677	3698	3642	3638	3641
IPT	9285518	2341	2352	2403	2454	2495	2404	2549	2520	3706	3677	3697	3642	3638	3641
IPT	9285692	2336	2350	2403	2455	2498	2410	2550	2522	3706	3677	3697	3642	3638	3641
IPT	9285866	2333	2349	2416	2460	2506	2412	2552	2525	3706	3678	3697	3641	3638	3641
IPT	9286040	2327	2343	2415	2459	2503	2406	2553	2525	3707	3678	3698	3642	3639	3641
IPT	9286214	2334	2353	2408	2462	2498	2402	2550	2522	3706	3678	3698	3642	3639	3641
IPT	9286388	2346	2366	2418	2468	2505	2406	2550	2525	3707	3678	3697	3642	3638	3641
IPT	9286562	2356	2374	2427	2473	2508	2408	2550	2524	3706	3677	3697	3642	3638	3640
IPT	9286736	2353	2376	2430	2477	2514	2412	2552	2525	3706	3677	3697	3641	3638	3641
IPT	9286910	2347	2361	2416	2465	2513	2411	2552	2527	3706	3677	3697	3642	3638	3640
IPT	9287084	2339	2340	2393	2446	2506	2411	2553	2528	3707	3678	3697	3642	3638	3641
IPT	9287258	2339	2347	2399	2451	2503	2411	2552	2525	3706	3677	3697	3641	3638	3641
IPT	9287432	2348	2363	2405	2459	2504	2409	2551	2524	3706	3678	3698	3642	3638	3640
IPT	9287606	2355	2369	2400	2457	2499	2408	2549	2523	3707	3678	3698	3642	3639	3641
IPT	9287780	2358	2375	2396	2460	2485	2399	2545	2519	3706	3677	3697	3641	3638	3641
IPT	9287954	2360	2375	2398	2460	2484	2395	2543	2519	3706	3677	3698	3642	3638	3640
IPT	9288128	2360	2370	2396	2458	2481	2394	2542	2518	3706	3677	3698	3642	3638	3641
IPT	9288302	2351	2344	2387	2441	2485	2398	2545	2523	3706	3677	3698	3642	3638	3641
IPT	9288476	2336	2318	2377	2424	2485	2402	2546	2522	3706	3677	3697	3641	3638	3641
IPT	9288650	2327	2291	2361	2408	2481	2398	2545	2521	3706	3678	3697	3641	3638	3641
IPT	9288824	2328	2291	2372	2407	2485	2401	2547	2525	3706	3677	3697	3642	3638	3641
IPT	9288998	2329	2304	2385	2420	2495	2406	2550	2526	3706	3678	3698	3642	3638	3640
IPT	9289172	2328	2326	2405	2440	2506	2412	2552	2528	3706	3677	3697	3642	3638	3641
IPT	9289346	2338	2350	2423	2460	2515	2418	2555	2530	3706	3677	3697	3642	3638	3641
IPT	9289520	2348	2363	2431	2472	2520	2421	2555	2529	3706	3677	3697	3642	3638	3640
IPT	9289694	2351	2364	2427	2474	2519	2419	2553	2527	3706	3677	3697	3641	3638	3640
IPT	9289868	2350	2352	2422	2472	2518	2420	2554	2528	3706	3677	3697	3642	3639	3641
IPT	9290042	2342	2343	2410	2466	2514	2421	2555	2529	3706	3677	3698	3641	3638	3640
IPT	9290216	2339	2338	2406	2454	2508	2418	2555	2528	3706	3677	3697	3642	3638	3641
IPT	9290390	2338	2334	2415	2458	2509	2420	2555	2528	3706	3677	3697	3641	3638	3640
IPT	9290564	2339	2333	2415	2457	2509	2421	2555	2527	3706	3678	3697	3641	3637	3641
IPT	9290738	2327	2323	2410	2449	2506	2418	2554	2526	3706	3678	3698	3642	3638	3640
IPT	9290912	2324	2322	2406	2445	2505	2414	2552	2523	3707	3677	3697	3642	3638	3641
IPT	9291085	2319	2324	2416	2451	2508	2414	2553	2526	3707	3678	3697	3642	3639	3641
IPT	9291259	2311	2313	2411	2448	2508	2410	2551	2521	3707	3678	3698	3642	3639	3641
IPT	9291433	2302	2300	2396	2434	2504	2405	2547	2517	3706	3678	3697	3642	3639	3641
IPT	9291607	2295	2289	2385	2420	2502	2405	2548	2521	3707	3678	3698	3642	3639	3642
IPT	9291781	2282	2282	2384	2414	2503	2411	2551	2524	3707	3678	3698	3642	3639	3641
IPT	9291955	2280	2286	2384	2413	2497	2410	2553	2526	3706	3678	3698	3642	3639	3641
IPT	9292129	2297	2296	2396	2420	2499	2409	2551	2525	3706	3677	3698	3642	3638	3641
IPT	9292303	2305	2306	2403	2427	2500	2407	2553	2528	3707	3678	3698	3642	3639	3641
IPT	9292477	2306	2312	2406	2429	2502	2415	2556	2531	3707	3678	3697	3642	3639	3641
IPT	9292651	2315	2320	2406	2430	2501	2415	2556	2530	3707	3677	3698	3642	3638	3641
IPT	9292825	2320	2325	2406	2428	2499	2410	2554	2529	3707	3678	3698	3642	3638	3641
IPT	9292999	2321	2329	2404	2431	2498	2412	2553	2526	3706	3677	3697	3642	3638	3641
IPT	9293173	2318	2322	2401	2423	2503	2409	2553	2525	3707	3678	3698	3642	3638	3641
IPT	9293347	2310	2321	2410	2429	2512	2417	2554	2529	3707	3678	3698	3642	3638	3642
IPT	9293520	2312	2325	2402	2431	2505	2409	2552	2527	3707	3678	3698	3642	3639	3641
IPT	9293694	2304	2320	2403	2426	2500	2401	2549	2525	3707	3678	3698	3642	3639	3641
IPT	9293868	2300	2320	2403	2427	2497	2397	2547	2526	3707	3678	3698	3642	3639	3641
IPT	9294042	2299	2328	2416	2441	2503	2399	2549	2526	3707	3678	3698	3642	3639	3641
IPT	9294216	2308	2336	2422	2449	2507	2403	2547	2523	3707	3678	3698	3642	3638	3641
IPT	9294390	2314	2345	2428	2459	2514	2406	2548	2524	3707	3678	3698	3643	3639	3642
IPT	9294564	2316	2349	2432	2465	2517	2411	2548	2524	3707	3679	3698	3643	3639	3642
IPT	9294738	2314	2336	2424	2457	2513	2409	2548	2525	3707	3678	3698	3643	3639	3641
IPT	9294912	2308	2309	2417	2440	2503	2406	2547	2527	3707	3678	3698	3642	3639	3642
IPT	9295086	2302	2295	2417	2431	2507	2409	2549	2527	3707	3678	3697	3642	3639	3641
IPT	9295260	2298	2301	2412	2433	2509	2405	2545	2522	3707	3678	3697	3642	3638	3641
IPT	9295434	2293	2296	2404	2435	2505	2401	2539	2523	3707	3679	3698	3642	3639	3641
IPT	9295608	2290	2303	2412	2444	2511	2405	2540	2526	3707	3678	3698	3642	3638	3642
IPT	9295782	2296	2321	2419	2453	2514	2408	2542	2527	3707	3678	3697	3642	3638	3641
IPT	9295956	2306	2331	2427	2462	2521	2415	2546	2530	3706	3677	3697	3642	3638	3640
IPT	9296130	2314	2349	2430	2471	2525	2422	2549	2531	3706	3677	3697	3642	3638	3641
IPT	9296304	2324	2358	2430	2474	2521	2421	2551	2530	3706	3678	3697	3642	3639	3640
IPT	9296478	2325	2355	2434	2476	2524	2421	2552	2529	3707	3678	3697	3642	3638	3641
IPT	9296652	2330	2353	2432	2470	2521	2422	2551	2528	3707	3678	3698	3642	3639	3642
IPT	9296826	2339	2364	2434	2476	2522	2418	2551	2526	3707	3678	3698	3642	3639	3641
IPT	9296999	2344	2364	2434	2478	2525	2423	2549	2523	3707	3678	3698	3642	3638	3641
IPT	9297173	2351	2366	2431	2476	2527	2420	2552	2525	3706	3678	3697	3642	3639	3641
IPT	9297347	2358	2372	2436	2479	2532	2423	2553	2526	3706	3678	3698	3642	3639	3641
IPT	9297521	2360	2368	2434	2478	2535	2426	2555	2528	3707	3678	3697	3642	3639	3640
IPT	9297695	2360	2367	2437	2481	2535	2426	2555	2528	3706	3677	3697	3641	3638	3641
IPT	9297869	2353	2362	2431	2477	2537	2430	2556	2528	3706	3677	3697	3642	3639	3641
IPT	9298043	2340	2354	2429	2474	2537	2432	2557	2530	3706	3678	3698	3642	3639	3641
IPT	9298217	2331	2353	2424	2469	2532	2427	2556	2528	3707	3678	3698	3643	3639	3641
IPT	9298391	2329	2341	2413	2446	2524	2419	2554	2527	3707	3678	3698	3642	3638	3641
IPT	9298565	2329	2328	2413	2432	2523	2421	2555	2529	3706	3677	3697	3642	3638	3641
IPT	9298739	2326	2332	2423	2440	2527	2425	2556	2530	3706	3677	3698	3642	3638	3641
IPT	9298913	2324	2328	2426	2443	2532	2429	2557	2529	3706	3678	3698	3642	3639	3641
IPT	9299087	2315	2323	2435	2448	2534	2427	2557	2531	3706	3678	3698	3642	3639	3641
IPT	9299261	2314	2320	2441	2452	2537	2428	2558	2533	3706	3677	3697	3642	3639	3641
IPT	9299436	2313	2333	2446	2465	2541	2431	2558	2532	3706	3677	3697	3642	3638	3641
IPT	9299610	2317	2348	2453	2477	2544	2433	2558	2534	3707	3678	3698	3642	3638	3641
IPT	9299784	2321	2352	2451	2480	2541	2430	2558	2534	3706	3678	3697	3643	3639	3641
IPT	9299958	2325	2351	2433	2473	2529	2416	2554	2528	3706	3677	3698	3642	3638	3641
IPT	9300132	2321	2350	2423	2463	2524	2414	2552	2527	3706	3677	3697	3642	3638	3640
IPT	9300306	2327	2355	2411	2464	2517	2407	2548	2519	3706	3678	3697	3642	3638	3641
IPT	9300480	2328	2351	2396	2457	2511	2403	2544	2518	3707	3677	3698	3642	3639	3641
IPT	9300654	2324	2346	2380	2448	2507	2399	2545	2520	3706	3678	3697	3642	3639	3641
IPT	9300828	2313	2338	2364	2432	2503	2399	2545	2521	3707	3678	3698	3642	3639	3641
IPT	9301002	2312	2332	2362	2423	2505	2402	2545	2521	3707	3678	3698	3642	3639	3641
IPT	9301176	2313	2335	2370	2422	2503	2406	2547	2522	3706	3678	3698	3642	3639	3641
IPT	9301350	2323	2346	2388	2433	2507	2411	2548	2522	3706	3677	3698	3642	3638	3641
IPT	9301524	2332	2353	2399	2440	2514	2411	2549	2522	3707	3677	3698	3642	3638	3641
IPT	9301698	2346	2366	2403	2449	2514	2414	2552	2526	3706	3677	3698	3641	3638	3641
IPT	9301873	2356	2379	2398	2455	2508	2414	2552	2525	3707	3678	3698	3642	3639	3642
IPT	9302047	2363	2387	2405	2466	2508	2412	2550	2524	3707	3678	3698	3642	3639	3641
IPT	9302221	2363	2385	2409	2470	2511	2412	2549	2523	3707	3678	3698	3642	3639	3641
IPT	9302395	2358	2378	2413	2467	2510	2411	2548	2522	3707	3678	3698	3642	3639	3642
IPT	9302569	2364	2379	2415	2468	2511	2411	2545	2518	3707	3678	3698	3642	3639	3641
IPT	9302743	2367	2375	2416	2468	2514	2411	2545	2521	3707	3678	3698	3643	3639	3641
IPT	9302917	2364	2377	2415	2469	2518	2414	2545	2522	3707	3678	3698	3642	3639	3641
IPT	9303091	2358	2367	2411	2463	2520	2411	2546	2523	3707	3678	3698	3643	3639	3642
IPT	9303265	2351	2359	2419	2469	2522	2414	2547	2522	3707	3678	3697	3642	3639	3641
IPT	9303439	2358	2369	2428	2480	2524	2415	2546	2519	3707	3678	3698	3642	3639	3641
IPT	9303613	2363	2370	2421	2479	2525	2419	2549	2521	3706	3677	3698	3642	3639	3641
IPT	9303787	2359	2355	2408	2466	2521	2420	2550	2523	3706	3677	3698	3641	3638	3641
IPT	9303961	2355	2332	2404	2452	2516	2422	2551	2524	3706	3678	3697	3642	3638	3641
IPT	9304135	2352	2335	2415	2457	2515	2415	2550	2523	3706	3677	3697	3641	3638	3640
IPT	9304309	2358	2352	2425	2471	2516	2414	2549	2523	3706	3678	3698	3642	3638	3641
IPT	9304483	2367	2365	2437	2481	2523	2418	2552	2526	3707	3678	3697	3642	3639	3641
IPT	9304658	2375	2372	2447	2487	2532	2423	2555	2530	3706	3677	3697	3642	3638	3640
IPT	9304832	2371	2374	2447	2487	2533	2423	2555	2530	3706	3677	3697	3642	3638	3640
IPT	9305006	2372	2376	2445	2492	2530	2423	2555	2531	3706	3678	3697	3642	3638	3641
IPT	9305180	2372	2372	2445	2495	2533	2427	2557	2533	3708	3679	3698	3643	3639	3641
IPT	9305354	2375	2371	2439	2492	2533	2426	2556	2532	3707	3678	3699	3643	3640	3642
IPT	9305528	2372	2371	2441	2489	2532	2425	2555	2529	3707	3678	3698	3643	3639	3642
IPT	9305702	2366	2361	2433	2481	2527	2419	2551	2525	3707	3678	3698	3642	3638	3641
IPT	9305876	2368	2356	2427	2476	2521	2408	2544	2519	3706	3678	3697	3642	3638	3641
IPT	9306050	2368	2362	2428	2478	2517	2408	2543	2518	3707	3678	3698	3642	3638	3641
IPT	9306225	2366	2363	2421	2474	2516	2407	2545	2520	3707	3678	3698	3642	3639	3641
IPT	9306399	2363	2351	2419	2463	2519	2414	2549	2525	3707	3678	3698	3642	3638	3641
IPT	9306573	2366	2363	2426	2471	2521	2417	2552	2528	3706	3677	3697	3642	3638	3641
IPT	9306747	2365	2373	2437	2485	2527	2420	2555	2530	3706	3677	3697	3642	3638	3641
IPT	9306921	2360	2368	2433	2485	2525	2418	2555	2530	3706	3677	3698	3642	3638	3641
IPT	9307095	2353	2357	2419	2475	2517	2414	2554	2530	3707	3677	3698	3642	3639	3641
IPT	9307269	2339	2338	2410	2454	2516	2413	2555	2530	3707	3678	3698	3641	3638	3641
IPT	9307443	2321	2329	2399	2447	2515	2412	2553	2526	3706	3677	3698	3642	3638	3640
IPT	9307617	2315	2330	2394	2446	2511	2403	2549	2523	3706	3678	3697	3642	3638	3641
IPT	9307791	2315	2323	2392	2443	2507	2398	2546	2522	3707	3677	3698	3642	3639	3641
IPT	9307966	2317	2320	2388	2435	2503	2401	2547	2524	3707	3678	3697	3642	3638	3641
IPT	9308140	2320	2324	2395	2435	2506	2403	2548	2524	3707	3678	3698	3642	3638	3641
IPT	9308314	2331	2338	2399	2442	2505	2400	2544	2525	3706	3678	3698	3642	3638	3641
IPT	9308488	2339	2343	2404	2443	2508	2402	2543	2528	3707	3678	3698	3642	3639	3641
IPT	9308662	2348	2354	2417	2455	2515	2408	2548	2530	3707	3678	3698	3643	3639	3642
IPT	9308836	2354	2357	2415	2461	2512	2408	2548	2528	3706	3678	3698	3643	3638	3642
IPT	9309010	2348	2349	2414	2453	2510	2406	2548	2524	3707	3678	3698	3642	3639	3641
IPT	9309184	2342	2342	2403	2446	2511	2409	2550	2526	3707	3678	3698	3643	3639	3641
IPT	9309358	2349	2350	2407	2451	2511	2410	2549	2525	3707	3677	3698	3642	3639	3641
IPT	9309532	2354	2354	2404	2456	2509	2409	2547	2523	3706	3677	3698	3642	3638	3640
IPT	9309706	2347	2352	2402	2457	2507	2408	2545	2521	3706	3677	3698	3641	3638	3640
IPT	9309880	2343	2348	2405	2454	2505	2404	2543	2518	3706	3677	3697	3642	3639	3640
IPT	9310055	2335	2334	2408	2451	2506	2405	2545	2524	3707	3678	3698	3642	3639	3641
IPT	9310229	2330	2326	2415	2449	2508	2407	2548	2528	3706	3678	3697	3642	3639	3641
IPT	9310403	2334	2333	2409	2451	2512	2412	2551	2530	3707	3677	3697	3641	3638	3640
IPT	9310577	2342	2345	2412	2456	2515	2415	2554	2531	3706	3678	3697	3642	3638	3640
IPT	9310752	2349	2356	2419	2462	2517	2419	2555	2532	3706	3678	3698	3642	3639	3641
IPT	9310926	2358	2370	2422	2471	2517	2418	2554	2532	3707	3678	3698	3642	3638	3641
IPT	9311100	2360	2369	2423	2473	2517	2420	2554	2534	3707	3678	3698	3643	3639	3641
IPT	9311274	2357	2359	2421	2469	2515	2419	2554	2534	3707	3678	3697	3642	3638	3641
IPT	9311448	2358	2358	2413	2465	2507	2408	2548	2525	3707	3678	3698	3642	3639	3641
IPT	9311622	2353	2346	2409	2456	2509	2404	2543	2522	3708	3678	3698	3643	3639	3642
IPT	9311796	2355	2347	2414	2453	2513	2408	2545	2524	3707	3678	3698	3642	3639	3641
IPT	9311970	2346	2328	2409	2439	2515	2411	2547	2525	3707	3678	3697	3642	3638	3641
IPT	9312145	2328	2316	2412	2439	2517	2413	2550	2526	3707	3678	3697	3642	3639	3641
IPT	9312319	2325	2324	2417	2447	2518	2416	2553	2528	3707	3678	3698	3643	3639	3641
IPT	9312493	2323	2335	2424	2454	2519	2416	2553	2530	3707	3678	3697	3642	3639	3642
IPT	9312667	2333	2345	2426	2459	2517	2418	2553	2530	3707	3677	3698	3642	3638	3641
IPT	9312841	2341	2353	2414	2456	2512	2414	2553	2529	3706	3677	3697	3642	3638	3640
IPT	9313015	2343	2352	2409	2451	2514	2414	2552	2528	3706	3677	3697	3641	3638	3641
IPT	9313189	2349	2361	2411	2457	2517	2414	2552	2528	3706	3677	3697	3642	3638	3640
IPT	9313363	2360	2367	2413	2457	2517	2415	2553	2527	3706	3678	3698	3641	3638	3641
IPT	9313537	2367	2372	2419	2464	2520	2416	2554	2528	3706	3678	3698	3642	3638	3640
IPT	9313711	2364	2366	2415	2460	2517	2414	2554	2529	3706	3678	3697	3642	3638	3641
IPT	9313885	2350	2352	2403	2448	2512	2410	2554	2529	3707	3678	3698	3642	3639	3641
IPT	9314060	2344	2349	2404	2445	2515	2414	2555	2529	3707	3678	3698	3643	3639	3641
IPT	9314234	2340	2353	2407	2449	2516	2416	2555	2527	3707	3678	3697	3642	3638	3641
IPT	9314408	2338	2351	2402	2449	2514	2411	2551	2524	3706	3677	3697	3642	3638	3640
IPT	9314582	2339	2351	2408	2453	2515	2411	2551	2524	3706	3677	3697	3642	3639	3642
IPT	9314756	2337	2356	2416	2465	2518	2414	2552	2523	3707	3678	3698	3642	3638	3642
IPT	9314930	2330	2362	2425	2474	2519	2416	2552	2522	3707	3678	3698	3642	3639	3642
IPT	9315104	2334	2364	2422	2471	2519	2416	2551	2523	3707	3678	3698	3643	3639	3642
IPT	9315278	2337	2356	2426	2465	2519	2415	2548	2521	3706	3678	3697	3642	3639	3642
IPT	9315453	2333	2348	2433	2471	2519	2410	2547	2523	3707	3678	3698	3642	3638	3641
IPT	9315627	2335	2351	2440	2479	2524	2415	2549	2526	3707	3677	3697	3642	3638	3641
IPT	9315801	2347	2363	2446	2490	2527	2416	2550	2527	3706	3677	3697	3642	3638	3641
IPT	9315975	2353	2375	2446	2496	2527	2418	2549	2523	3706	3677	3697	3642	3638	3640
IPT	9316149	2355	2377	2444	2497	2527	2417	2548	2521	3706	3677	3697	3642	3638	3641
IPT	9316323	2354	2362	2424	2480	2522	2414	2547	2517	3706	3678	3698	3642	3639	3641
IPT	9316497	2349	2345	2413	2462	2516	2416	2549	2521	3706	3678	3698	3642	3639	3641
IPT	9316672	2338	2335	2417	2456	2521	2419	2552	2522	3707	3678	3698	3642	3639	3640
IPT	9316846	2332	2326	2421	2460	2523	2420	2552	2525	3707	3678	3698	3643	3639	3642
IPT	9317020	2325	2328	2423	2464	2522	2417	2553	2525	3707	3678	3698	3642	3639	3641
IPT	9317194	2317	2340	2420	2466	2517	2412	2553	2525	3707	3677	3698	3642	3639	3641
IPT	9317368	2316	2339	2416	2457	2516	2408	2553	2525	3706	3677	3697	3642	3638	3640
IPT	9317543	2314	2331	2417	2460	2513	2408	2551	2523	3706	3677	3698	3642	3638	3641
IPT	9317717	2313	2333	2407	2456	2505	2403	2548	2521	3706	3677	3697	3642	3638	3641
IPT	9317891	2308	2329	2399	2451	2501	2400	2548	2524	3707	3678	3698	3642	3638	3641
IPT	9318065	2295	2316	2400	2441	2503	2405	2550	2526	3706	3677	3697	3642	3639	3641
IPT	9318239	2299	2328	2414	2450	2510	2408	2552	2529	3706	3677	3698	3642	3638	3641
IPT	9318414	2318	2350	2425	2463	2514	2414	2553	2530	3706	3678	3698	3642	3638	3641
IPT	9318588	2331	2364	2431	2473	2517	2412	2554	2529	3706	3677	3697	3642	3638	3641
IPT	9318763	2335	2362	2422	2470	2514	2412	2553	2525	3707	3678	3697	3642	3639	3641
IPT	9318937	2338	2357	2408	2462	2505	2406	2550	2520	3707	3678	3698	3642	3639	3641
