IPT	9527767	2374	2375	2418	2474	2515	2412	2551	2527	3707	3678	3698	3642	3638	3641
IPT	9527941	2375	2380	2427	2481	2516	2414	2551	2529	3707	3678	3698	3643	3638	3641
IPT	9528115	2378	2380	2428	2483	2517	2413	2552	2526	3708	3679	3698	3643	3639	3641
IPT	9528290	2370	2371	2430	2478	2517	2413	2551	2526	3708	3679	3698	3643	3640	3642
IPT	9528464	2362	2369	2436	2483	2522	2419	2553	2528	3707	3678	3698	3642	3639	3642
IPT	9528638	2360	2356	2428	2479	2521	2419	2553	2526	3707	3678	3698	3642	3639	3641
IPT	9528812	2355	2350	2415	2467	2515	2416	2552	2526	3707	3678	3698	3642	3639	3641
IPT	9528986	2352	2348	2414	2461	2512	2413	2553	2527	3707	3678	3698	3643	3639	3642
IPT	9529160	2346	2344	2421	2464	2521	2419	2554	2529	3707	3678	3698	3642	3638	3641
IPT	9529334	2347	2345	2424	2463	2525	2423	2557	2532	3707	3678	3698	3643	3639	3641
IPT	9529508	2346	2346	2433	2468	2531	2425	2558	2534	3708	3678	3698	3642	3639	3642
IPT	9529682	2348	2352	2437	2472	2533	2426	2558	2533	3706	3678	3698	3642	3639	3641
IPT	9529856	2353	2362	2435	2475	2532	2422	2558	2532	3707	3678	3698	3642	3639	3641
IPT	9530031	2357	2373	2435	2480	2532	2426	2557	2531	3707	3678	3697	3642	3638	3642
IPT	9530205	2362	2381	2439	2485	2533	2425	2557	2532	3707	3678	3698	3642	3639	3641
IPT	9530379	2356	2384	2442	2491	2531	2422	2555	2528	3707	3678	3698	3643	3639	3641
IPT	9530553	2353	2381	2436	2488	2522	2415	2551	2526	3707	3679	3698	3642	3639	3641
IPT	9530727	2349	2370	2425	2477	2518	2412	2550	2525	3707	3678	3698	3643	3639	3642
IPT	9530901	2347	2366	2425	2472	2521	2416	2551	2526	3707	3677	3698	3642	3638	3641
IPT	9531076	2343	2373	2429	2477	2526	2423	2554	2529	3707	3677	3697	3642	3639	3641
IPT	9531250	2331	2366	2426	2471	2526	2424	2554	2526	3708	3678	3698	3642	3639	3641
IPT	9531424	2321	2360	2433	2476	2525	2424	2555	2526	3707	3678	3698	3643	3639	3641
IPT	9531598	2323	2365	2438	2481	2527	2424	2555	2526	3707	3678	3698	3642	3639	3641
IPT	9531772	2329	2362	2436	2480	2529	2423	2555	2527	3707	3678	3698	3642	3639	3641
IPT	9531946	2327	2349	2437	2476	2529	2425	2555	2529	3707	3678	3698	3643	3639	3641
IPT	9532120	2324	2344	2443	2476	2532	2429	2556	2530	3707	3678	3698	3643	3639	3642
IPT	9532294	2329	2348	2446	2480	2535	2428	2556	2530	3707	3679	3698	3643	3639	3641
IPT	9532468	2335	2352	2442	2480	2533	2424	2556	2528	3707	3678	3698	3643	3639	3642
IPT	9532642	2335	2351	2433	2472	2530	2427	2555	2527	3707	3678	3698	3643	3639	3641
IPT	9532816	2336	2352	2436	2469	2530	2427	2556	2528	3707	3679	3698	3642	3639	3642
IPT	9532990	2330	2352	2444	2471	2536	2433	2557	2532	3707	3678	3698	3643	3639	3642
IPT	9533164	2342	2367	2450	2483	2539	2436	2558	2531	3708	3678	3699	3643	3639	3642
IPT	9533338	2354	2376	2440	2484	2536	2429	2556	2529	3707	3679	3699	3643	3640	3642
IPT	9533512	2368	2381	2427	2481	2528	2421	2553	2524	3707	3678	3698	3643	3639	3641
IPT	9533686	2378	2379	2414	2472	2519	2413	2549	2519	3708	3678	3699	3642	3639	3642
IPT	9533861	2377	2371	2415	2467	2520	2415	2549	2520	3707	3678	3698	3643	3639	3641
IPT	9534035	2380	2376	2424	2475	2524	2418	2550	2522	3707	3678	3698	3642	3639	3641
IPT	9534209	2384	2385	2435	2482	2529	2419	2551	2520	3707	3678	3698	3643	3639	3642
IPT	9534383	2389	2388	2439	2487	2532	2422	2553	2523	3707	3678	3698	3643	3639	3642
IPT	9534557	2389	2386	2436	2487	2533	2424	2554	2524	3707	3678	3698	3642	3639	3642
IPT	9534731	2384	2377	2436	2487	2533	2426	2554	2525	3707	3678	3698	3642	3639	3641
IPT	9534905	2382	2376	2443	2490	2533	2425	2555	2527	3707	3677	3698	3642	3639	3641
IPT	9535079	2383	2379	2448	2494	2535	2426	2556	2530	3707	3678	3698	3643	3639	3641
IPT	9535253	2376	2383	2450	2496	2537	2428	2557	2531	3707	3679	3698	3643	3639	3642
IPT	9535427	2383	2393	2452	2502	2539	2427	2558	2531	3707	3679	3698	3643	3640	3642
IPT	9535601	2390	2394	2451	2499	2540	2428	2557	2531	3707	3678	3698	3643	3640	3642
IPT	9535775	2394	2392	2452	2497	2543	2433	2558	2532	3707	3678	3697	3643	3639	3641
IPT	9535949	2400	2401	2457	2502	2545	2435	2559	2533	3707	3678	3697	3642	3639	3641
IPT	9536123	2406	2410	2464	2510	2548	2435	2560	2534	3707	3678	3698	3642	3639	3642
IPT	9536297	2412	2414	2465	2513	2549	2435	2561	2535	3708	3679	3698	3643	3639	3641
IPT	9536471	2410	2414	2453	2509	2545	2432	2559	2530	3708	3679	3698	3643	3639	3642
IPT	9536645	2396	2403	2446	2499	2537	2425	2558	2527	3708	3679	3699	3643	3640	3642
IPT	9536819	2387	2392	2445	2495	2537	2422	2557	2527	3708	3679	3699	3643	3640	3642
IPT	9536993	2387	2388	2445	2493	2536	2424	2557	2527	3707	3678	3698	3643	3639	3642
IPT	9537168	2387	2386	2444	2493	2537	2426	2558	2527	3707	3679	3698	3643	3639	3642
IPT	9537342	2383	2385	2447	2497	2537	2427	2558	2529	3707	3678	3698	3643	3640	3642
IPT	9537516	2379	2382	2449	2494	2540	2429	2558	2529	3707	3677	3698	3643	3639	3640
IPT	9537690	2381	2380	2446	2490	2536	2425	2556	2526	3707	3678	3698	3642	3638	3640
IPT	9537864	2385	2379	2432	2482	2525	2416	2550	2522	3707	3678	3698	3643	3639	3642
IPT	9538038	2375	2367	2420	2472	2515	2406	2546	2517	3707	3677	3698	3643	3638	3641
IPT	9538212	2366	2359	2415	2464	2510	2403	2540	2507	3706	3677	3698	3642	3639	3641
IPT	9538386	2375	2373	2426	2474	2515	2408	2540	2510	3707	3678	3698	3642	3639	3641
IPT	9538560	2377	2378	2431	2476	2518	2413	2545	2515	3707	3678	3698	3642	3639	3641
IPT	9538734	2376	2379	2427	2475	2515	2413	2545	2517	3707	3678	3698	3642	3639	3641
IPT	9538908	2373	2378	2428	2473	2517	2411	2546	2518	3707	3678	3698	3642	3639	3641
IPT	9539082	2380	2387	2439	2483	2523	2415	2548	2521	3707	3678	3698	3642	3639	3642
IPT	9539256	2391	2399	2442	2492	2527	2417	2550	2524	3707	3678	3698	3642	3639	3641
IPT	9539430	2393	2393	2433	2485	2527	2417	2552	2525	3707	3678	3699	3643	3639	3642
IPT	9539604	2380	2375	2418	2471	2525	2418	2551	2525	3707	3678	3697	3642	3639	3641
IPT	9539778	2368	2366	2416	2469	2524	2416	2551	2524	3707	3678	3698	3643	3639	3642
IPT	9539952	2370	2369	2427	2478	2526	2419	2552	2523	3707	3678	3698	3643	3639	3642
IPT	9540126	2375	2373	2427	2479	2532	2422	2553	2525	3708	3678	3698	3642	3639	3642
IPT	9540300	2371	2369	2434	2478	2538	2426	2555	2527	3707	3679	3698	3643	3639	3642
IPT	9540474	2373	2376	2436	2480	2537	2427	2555	2529	3707	3679	3699	3643	3639	3642
IPT	9540648	2374	2378	2434	2479	2535	2424	2556	2530	3707	3678	3697	3642	3639	3641
IPT	9540822	2370	2375	2422	2470	2527	2418	2556	2532	3707	3678	3698	3642	3639	3641
IPT	9540996	2375	2379	2422	2474	2523	2414	2556	2533	3707	3677	3698	3642	3638	3641
IPT	9541170	2376	2377	2426	2474	2523	2416	2556	2533	3707	3677	3698	3642	3638	3641
IPT	9541344	2368	2369	2432	2479	2526	2415	2556	2533	3706	3678	3697	3642	3639	3640
IPT	9541518	2365	2365	2423	2475	2522	2416	2557	2533	3707	3678	3698	3642	3639	3641
IPT	9541692	2365	2359	2420	2472	2520	2418	2556	2531	3707	3678	3698	3642	3639	3641
IPT	9541866	2366	2363	2416	2472	2516	2417	2555	2531	3706	3677	3698	3641	3638	3641
IPT	9542040	2356	2353	2413	2467	2513	2416	2554	2529	3707	3678	3698	3642	3639	3641
IPT	9542214	2357	2351	2415	2462	2513	2412	2552	2527	3707	3678	3698	3642	3639	3641
IPT	9542388	2355	2353	2419	2462	2516	2413	2552	2526	3707	3678	3698	3642	3639	3641
IPT	9542562	2357	2359	2430	2470	2520	2416	2553	2527	3707	3677	3698	3643	3638	3641
IPT	9542736	2367	2376	2442	2484	2524	2418	2554	2527	3707	3677	3698	3642	3639	3641
IPT	9542910	2373	2386	2442	2490	2527	2418	2553	2526	3707	3678	3698	3642	3639	3640
IPT	9543084	2378	2388	2433	2487	2526	2416	2553	2527	3707	3678	3698	3643	3639	3641
IPT	9543258	2385	2392	2432	2485	2525	2417	2553	2528	3706	3678	3698	3642	3638	3640
IPT	9543432	2393	2400	2432	2490	2522	2414	2551	2527	3706	3677	3698	3643	3639	3641
IPT	9543606	2394	2404	2434	2496	2524	2417	2552	2526	3707	3678	3697	3641	3639	3641
IPT	9543781	2402	2410	2439	2502	2525	2419	2552	2527	3707	3678	3698	3642	3639	3641
IPT	9543955	2405	2405	2440	2501	2528	2420	2554	2528	3706	3678	3698	3642	3639	3641
IPT	9544129	2398	2395	2445	2499	2533	2424	2556	2531	3706	3677	3697	3642	3638	3641
IPT	9544303	2391	2391	2446	2498	2534	2427	2557	2530	3707	3678	3697	3642	3639	3641
IPT	9544477	2382	2384	2445	2494	2530	2423	2553	2524	3707	3678	3697	3643	3639	3641
IPT	9544651	2378	2387	2443	2495	2528	2419	2551	2524	3707	3678	3697	3642	3638	3641
IPT	9544825	2385	2397	2439	2499	2527	2420	2552	2527	3707	3678	3698	3642	3639	3641
IPT	9544999	2396	2408	2449	2507	2530	2423	2554	2528	3707	3678	3698	3643	3639	3642
IPT	9545173	2399	2414	2455	2511	2534	2425	2556	2528	3707	3678	3698	3643	3639	3642
IPT	9545347	2397	2411	2450	2507	2534	2423	2556	2528	3707	3678	3698	3643	3639	3642
IPT	9545521	2394	2402	2428	2495	2522	2415	2553	2527	3707	3678	3698	3642	3639	3641
IPT	9545695	2388	2391	2409	2484	2509	2411	2551	2525	3707	3679	3698	3643	3639	3641
IPT	9545869	2375	2382	2403	2475	2503	2404	2549	2522	3707	3678	3698	3643	3639	3641
IPT	9546043	2363	2376	2398	2471	2504	2406	2550	2521	3707	3678	3698	3642	3639	3642
IPT	9546217	2364	2371	2387	2465	2501	2405	2547	2518	3707	3679	3699	3643	3639	3641
IPT	9546392	2362	2367	2389	2464	2505	2406	2549	2522	3708	3678	3698	3643	3639	3642
IPT	9546566	2358	2363	2401	2464	2508	2408	2550	2522	3707	3678	3698	3643	3639	3641
IPT	9546740	2365	2368	2405	2468	2511	2412	2548	2521	3707	3678	3698	3643	3639	3642
IPT	9546914	2358	2364	2406	2464	2512	2412	2548	2521	3707	3678	3698	3643	3639	3642
IPT	9547088	2346	2359	2417	2468	2517	2416	2548	2520	3706	3678	3698	3642	3638	3641
IPT	9547262	2341	2362	2428	2476	2522	2420	2551	2523	3707	3677	3698	3642	3639	3641
IPT	9547436	2346	2369	2435	2484	2525	2421	2551	2526	3707	3678	3697	3641	3638	3640
IPT	9547610	2356	2377	2436	2487	2529	2422	2553	2526	3707	3678	3697	3642	3639	3641
IPT	9547784	2367	2381	2433	2483	2529	2421	2553	2525	3707	3678	3698	3643	3639	3642
IPT	9547958	2362	2370	2423	2471	2529	2422	2553	2525	3707	3678	3698	3642	3639	3641
IPT	9548132	2357	2357	2421	2463	2530	2424	2553	2523	3707	3678	3698	3642	3639	3641
IPT	9548306	2354	2352	2431	2466	2536	2426	2555	2526	3707	3678	3697	3642	3639	3641
IPT	9548480	2356	2364	2441	2479	2538	2427	2555	2524	3707	3678	3698	3642	3639	3642
IPT	9548654	2359	2363	2430	2477	2536	2425	2553	2523	3707	3678	3697	3642	3638	3642
IPT	9548829	2360	2363	2433	2477	2536	2425	2554	2525	3707	3678	3698	3642	3639	3642
IPT	9549003	2368	2380	2441	2487	2537	2428	2556	2527	3707	3677	3697	3642	3638	3641
IPT	9549177	2381	2397	2453	2501	2541	2432	2557	2529	3707	3678	3697	3642	3639	3641
IPT	9549351	2396	2411	2463	2514	2543	2432	2558	2532	3707	3678	3698	3643	3639	3641
IPT	9549525	2404	2416	2462	2517	2541	2430	2558	2533	3707	3678	3697	3642	3639	3641
IPT	9549699	2409	2409	2455	2506	2541	2429	2557	2531	3707	3678	3698	3643	3639	3641
IPT	9549873	2398	2401	2448	2498	2542	2429	2557	2531	3707	3678	3698	3642	3639	3641
IPT	9550047	2382	2390	2441	2490	2537	2427	2556	2529	3706	3678	3698	3642	3638	3640
IPT	9550221	2368	2378	2442	2484	2536	2423	2555	2528	3707	3678	3697	3642	3639	3641
IPT	9550395	2364	2378	2448	2490	2539	2425	2555	2527	3706	3678	3698	3643	3639	3641
IPT	9550569	2365	2384	2456	2499	2544	2427	2556	2528	3707	3678	3698	3642	3639	3641
IPT	9550743	2369	2388	2451	2498	2542	2427	2553	2523	3707	3678	3698	3642	3639	3641
IPT	9550918	2367	2384	2445	2494	2538	2423	2554	2523	3707	3678	3698	3643	3639	3642
IPT	9551092	2363	2380	2435	2488	2530	2421	2554	2524	3707	3679	3698	3643	3639	3642
IPT	9551266	2371	2384	2435	2492	2526	2420	2554	2524	3707	3678	3698	3642	3639	3642
IPT	9551440	2377	2384	2434	2491	2528	2425	2555	2525	3707	3677	3698	3642	3639	3641
IPT	9551614	2370	2371	2420	2478	2523	2423	2556	2526	3707	3678	3698	3642	3639	3642
IPT	9551788	2354	2347	2396	2452	2510	2417	2556	2528	3707	3678	3698	3642	3639	3641
IPT	9551962	2345	2340	2394	2439	2506	2415	2556	2528	3706	3678	3698	3643	3639	3641
IPT	9552136	2345	2349	2400	2445	2509	2416	2557	2529	3707	3678	3698	3643	3639	3641
IPT	9552310	2344	2340	2393	2437	2512	2417	2557	2529	3707	3678	3698	3642	3639	3642
IPT	9552484	2338	2341	2400	2439	2514	2420	2556	2526	3707	3678	3698	3642	3639	3641
IPT	9552658	2352	2355	2413	2451	2520	2422	2556	2527	3707	3678	3698	3643	3639	3642
IPT	9552832	2355	2356	2411	2453	2518	2420	2555	2525	3707	3678	3698	3642	3639	3641
IPT	9553006	2347	2339	2408	2438	2518	2418	2552	2522	3707	3678	3698	3642	3638	3641
IPT	9553180	2345	2332	2416	2437	2524	2420	2551	2523	3706	3678	3698	3641	3638	3641
IPT	9553355	2355	2345	2425	2450	2527	2421	2553	2524	3707	3678	3698	3642	3639	3641
IPT	9553529	2369	2360	2437	2466	2529	2421	2553	2524	3707	3678	3697	3642	3638	3641
IPT	9553703	2377	2366	2444	2470	2534	2427	2554	2525	3707	3677	3698	3642	3639	3641
IPT	9553877	2367	2355	2433	2460	2531	2428	2555	2526	3707	3678	3698	3642	3638	3641
IPT	9554051	2359	2350	2426	2455	2530	2426	2555	2525	3707	3678	3698	3642	3638	3641
IPT	9554225	2362	2361	2431	2463	2532	2427	2556	2526	3707	3677	3697	3642	3638	3641
IPT	9554399	2374	2379	2442	2476	2537	2430	2557	2528	3707	3678	3697	3642	3638	3641
IPT	9554573	2384	2383	2444	2480	2540	2430	2557	2529	3706	3677	3697	3642	3639	3640
IPT	9554747	2384	2379	2448	2483	2541	2432	2557	2530	3707	3678	3698	3642	3638	3641
IPT	9554921	2373	2370	2446	2478	2541	2431	2558	2531	3706	3677	3697	3642	3638	3640
IPT	9555095	2359	2356	2434	2462	2539	2430	2559	2531	3707	3678	3698	3643	3638	3641
IPT	9555270	2366	2365	2437	2466	2538	2429	2558	2531	3707	3678	3698	3643	3639	3642
IPT	9555444	2364	2372	2443	2476	2536	2428	2558	2531	3707	3678	3698	3642	3639	3641
IPT	9555618	2360	2369	2430	2474	2534	2424	2557	2527	3707	3678	3698	3642	3639	3642
IPT	9555792	2363	2371	2429	2472	2532	2422	2556	2528	3707	3678	3698	3643	3639	3642
IPT	9555966	2366	2378	2434	2476	2532	2428	2558	2529	3708	3678	3698	3643	3639	3642
IPT	9556140	2372	2376	2430	2475	2532	2426	2558	2528	3708	3679	3699	3643	3640	3642
IPT	9556314	2366	2367	2419	2468	2520	2416	2556	2527	3708	3679	3698	3643	3639	3641
IPT	9556488	2359	2363	2409	2458	2509	2406	2553	2527	3707	3678	3698	3643	3639	3642
IPT	9556662	2352	2361	2413	2457	2509	2406	2553	2528	3707	3678	3698	3643	3639	3641
IPT	9556836	2350	2359	2421	2458	2514	2408	2554	2527	3707	3678	3698	3643	3639	3641
IPT	9557010	2350	2368	2430	2469	2518	2410	2554	2528	3707	3678	3698	3643	3639	3642
IPT	9557184	2350	2367	2423	2467	2515	2407	2552	2527	3706	3678	3697	3642	3639	3641
IPT	9557358	2357	2365	2419	2464	2509	2400	2551	2524	3707	3678	3698	3642	3638	3641
IPT	9557532	2355	2359	2418	2463	2510	2398	2549	2521	3707	3677	3698	3642	3638	3641
IPT	9557706	2351	2351	2413	2456	2508	2400	2547	2520	3707	3678	3698	3642	3639	3641
IPT	9557881	2344	2352	2416	2459	2510	2404	2547	2522	3707	3678	3698	3642	3639	3641
IPT	9558055	2335	2354	2427	2469	2516	2411	2550	2524	3707	3678	3698	3643	3640	3642
IPT	9558229	2344	2366	2434	2480	2521	2412	2551	2523	3707	3678	3698	3642	3639	3641
IPT	9558402	2354	2370	2432	2482	2518	2412	2549	2522	3707	3678	3698	3642	3639	3641
IPT	9558577	2355	2370	2429	2480	2511	2409	2550	2523	3707	3679	3698	3643	3639	3642
IPT	9558751	2353	2364	2425	2474	2511	2411	2551	2524	3707	3678	3699	3642	3639	3641
IPT	9558925	2348	2353	2423	2467	2514	2413	2553	2526	3707	3678	3698	3642	3639	3641
IPT	9559099	2351	2356	2426	2468	2519	2417	2554	2527	3707	3678	3698	3642	3639	3641
IPT	9559273	2348	2353	2432	2474	2524	2418	2554	2526	3707	3678	3698	3642	3639	3642
IPT	9559447	2346	2358	2429	2478	2522	2416	2554	2528	3707	3678	3698	3642	3639	3642
IPT	9559621	2347	2352	2426	2472	2519	2416	2555	2528	3707	3678	3698	3643	3639	3642
IPT	9559795	2354	2353	2429	2471	2522	2419	2556	2529	3707	3678	3698	3642	3639	3641
IPT	9559969	2355	2353	2426	2471	2519	2415	2555	2529	3707	3678	3698	3643	3639	3641
IPT	9560143	2346	2351	2423	2466	2515	2416	2555	2528	3707	3678	3698	3643	3639	3641
IPT	9560317	2347	2358	2426	2469	2517	2416	2555	2528	3707	3678	3698	3642	3639	3642
IPT	9560491	2355	2359	2420	2465	2512	2411	2553	2526	3707	3678	3698	3642	3639	3641
IPT	9560665	2362	2363	2425	2469	2512	2414	2553	2527	3707	3678	3698	3643	3639	3642
IPT	9560839	2361	2356	2425	2462	2518	2416	2555	2529	3708	3679	3699	3643	3639	3642
IPT	9561013	2357	2357	2427	2465	2520	2420	2556	2531	3708	3678	3699	3643	3640	3642
IPT	9561187	2363	2370	2438	2480	2526	2421	2557	2531	3707	3679	3698	3643	3639	3642
IPT	9561361	2370	2378	2438	2483	2523	2422	2557	2531	3707	3678	3698	3643	3639	3641
IPT	9561536	2368	2365	2436	2477	2522	2421	2557	2529	3707	3678	3698	3643	3639	3642
IPT	9561710	2369	2364	2439	2479	2522	2419	2555	2528	3707	3679	3698	3643	3640	3642
IPT	9561884	2371	2362	2431	2475	2522	2422	2554	2527	3708	3679	3698	3643	3640	3642
IPT	9562058	2366	2350	2420	2465	2522	2423	2554	2526	3707	3679	3698	3642	3639	3642
IPT	9562232	2364	2350	2423	2463	2519	2424	2553	2525	3708	3679	3698	3643	3639	3642
IPT	9562407	2367	2352	2422	2457	2518	2417	2551	2524	3707	3678	3698	3643	3639	3642
IPT	9562581	2370	2355	2427	2463	2520	2417	2552	2526	3707	3679	3698	3643	3639	3641
IPT	9562755	2369	2358	2438	2472	2528	2424	2555	2529	3707	3678	3698	3642	3639	3641
IPT	9562929	2365	2351	2441	2471	2533	2425	2556	2529	3707	3678	3698	3642	3639	3642
IPT	9563103	2364	2355	2437	2474	2534	2427	2556	2530	3707	3678	3698	3642	3639	3642
IPT	9563278	2372	2364	2436	2480	2537	2430	2557	2532	3707	3679	3698	3642	3639	3641
IPT	9563452	2381	2367	2431	2479	2537	2429	2556	2531	3707	3678	3698	3642	3639	3641
IPT	9563626	2383	2367	2433	2480	2538	2427	2557	2532	3707	3678	3698	3643	3639	3642
IPT	9563800	2380	2367	2438	2480	2538	2429	2558	2533	3707	3678	3698	3643	3639	3642
IPT	9563974	2385	2377	2445	2487	2541	2431	2559	2533	3707	3678	3698	3643	3639	3641
IPT	9564148	2390	2385	2447	2493	2541	2428	2558	2531	3707	3678	3698	3643	3639	3641
IPT	9564322	2388	2386	2444	2496	2539	2428	2559	2532	3707	3678	3698	3643	3639	3641
IPT	9564497	2381	2377	2444	2495	2537	2426	2559	2533	3707	3678	3698	3642	3639	3641
IPT	9564671	2381	2377	2442	2496	2536	2426	2558	2533	3707	3678	3698	3642	3639	3642
IPT	9564845	2368	2361	2429	2483	2535	2428	2558	2534	3707	3678	3698	3643	3639	3641
IPT	9565019	2369	2368	2435	2487	2536	2425	2558	2533	3707	3679	3699	3643	3639	3641
IPT	9565193	2377	2377	2431	2489	2533	2424	2557	2530	3707	3678	3698	3643	3639	3642
IPT	9565367	2383	2381	2430	2485	2529	2421	2557	2531	3708	3679	3699	3643	3639	3642
IPT	9565541	2392	2388	2438	2490	2531	2424	2558	2530	3707	3678	3698	3642	3639	3641
IPT	9565715	2389	2379	2445	2488	2536	2428	2558	2530	3707	3678	3698	3643	3639	3641
IPT	9565889	2386	2377	2437	2485	2531	2422	2557	2529	3708	3679	3699	3643	3639	3641
IPT	9566063	2382	2371	2434	2483	2530	2422	2556	2528	3707	3678	3699	3643	3640	3642
IPT	9566237	2377	2366	2436	2480	2531	2423	2556	2527	3708	3679	3698	3643	3639	3642
IPT	9566411	2382	2374	2444	2487	2538	2427	2558	2530	3707	3679	3698	3643	3639	3642
IPT	9566585	2389	2382	2446	2494	2540	2428	2558	2530	3707	3678	3698	3642	3639	3642
IPT	9566759	2391	2389	2448	2499	2540	2429	2558	2530	3707	3679	3698	3643	3639	3641
IPT	9566933	2389	2384	2446	2494	2538	2426	2557	2527	3707	3679	3698	3643	3640	3642
IPT	9567107	2383	2376	2445	2487	2533	2423	2557	2529	3707	3678	3698	3643	3640	3642
IPT	9567281	2386	2386	2449	2493	2537	2422	2557	2529	3708	3679	3699	3643	3640	3641
IPT	9567455	2393	2397	2456	2502	2542	2427	2558	2531	3708	3679	3699	3643	3640	3642
IPT	9567629	2405	2408	2459	2506	2544	2430	2558	2528	3708	3679	3699	3643	3640	3643
IPT	9567804	2413	2412	2452	2505	2541	2424	2556	2522	3708	3679	3699	3644	3640	3643
IPT	9567978	2415	2412	2453	2504	2541	2423	2555	2524	3708	3680	3700	3643	3641	3643
IPT	9568152	2407	2406	2442	2495	2531	2418	2553	2524	3707	3678	3698	3643	3639	3641
IPT	9568326	2410	2411	2440	2496	2524	2413	2553	2526	3707	3678	3699	3643	3639	3641
IPT	9568500	2414	2413	2439	2494	2524	2414	2552	2524	3707	3678	3698	3643	3639	3641
IPT	9568674	2412	2406	2436	2488	2523	2415	2552	2525	3707	3678	3698	3643	3639	3642
IPT	9568848	2401	2388	2434	2482	2524	2420	2554	2529	3707	3678	3698	3642	3639	3642
IPT	9569022	2397	2382	2437	2482	2527	2423	2555	2530	3707	3678	3698	3643	3639	3641
IPT	9569196	2398	2381	2431	2480	2528	2425	2556	2530	3707	3679	3699	3643	3639	3642
IPT	9569370	2400	2379	2420	2473	2523	2422	2556	2529	3708	3678	3698	3643	3639	3641
IPT	9569545	2400	2379	2418	2468	2520	2420	2555	2526	3707	3678	3698	3643	3639	3641
IPT	9569719	2406	2392	2430	2480	2523	2422	2555	2526	3707	3678	3698	3642	3639	3641
IPT	9569893	2413	2403	2439	2490	2527	2426	2556	2526	3707	3678	3698	3643	3639	3641
IPT	9570067	2407	2398	2437	2489	2527	2422	2553	2524	3708	3678	3699	3643	3639	3642
IPT	9570241	2402	2395	2439	2491	2523	2416	2550	2522	3707	3679	3698	3643	3640	3642
IPT	9570415	2405	2396	2439	2493	2523	2419	2549	2522	3707	3679	3698	3642	3639	3642
IPT	9570589	2399	2383	2425	2481	2518	2416	2547	2521	3707	3678	3698	3643	3639	3642
IPT	9570763	2397	2383	2429	2481	2520	2419	2549	2524	3707	3679	3699	3643	3639	3642
IPT	9570937	2397	2389	2436	2490	2525	2423	2551	2527	3707	3678	3698	3643	3639	3641
IPT	9571111	2392	2388	2426	2486	2522	2421	2550	2523	3707	3678	3698	3643	3639	3642
IPT	9571285	2380	2382	2419	2478	2515	2412	2547	2517	3707	3678	3698	3643	3639	3641
IPT	9571459	2379	2376	2426	2479	2514	2416	2547	2520	3707	3678	3698	3643	3639	3641
IPT	9571633	2381	2380	2432	2484	2514	2416	2549	2522	3707	3678	3698	3642	3639	3642
IPT	9571807	2379	2383	2439	2490	2517	2417	2551	2524	3707	3679	3698	3643	3639	3641
IPT	9571981	2379	2383	2440	2488	2519	2418	2551	2526	3707	3678	3698	3642	3639	3642
IPT	9572155	2380	2384	2435	2488	2519	2416	2553	2527	3707	3678	3698	3642	3639	3642
IPT	9572329	2377	2381	2437	2486	2518	2417	2553	2528	3707	3678	3698	3642	3639	3642
IPT	9572503	2367	2372	2426	2480	2514	2415	2552	2526	3707	3678	3697	3642	3639	3642
IPT	9572677	2361	2363	2411	2469	2507	2407	2546	2520	3707	3679	3698	3643	3639	3642
IPT	9572851	2355	2353	2413	2464	2510	2412	2547	2521	3707	3678	3698	3643	3639	3642
IPT	9573025	2355	2354	2422	2468	2516	2410	2548	2519	3708	3679	3698	3642	3640	3641
IPT	9573199	2365	2362	2420	2471	2515	2411	2548	2523	3708	3679	3698	3643	3640	3642
IPT	9573373	2366	2360	2410	2463	2512	2412	2548	2523	3708	3679	3699	3643	3639	3642
IPT	9573547	2364	2353	2405	2454	2508	2411	2550	2524	3707	3678	3698	3642	3639	3642
IPT	9573721	2354	2349	2405	2451	2509	2409	2551	2526	3708	3678	3698	3643	3639	3641
IPT	9573895	2350	2343	2392	2443	2503	2405	2549	2524	3707	3678	3698	3642	3639	3642
IPT	9574069	2348	2334	2380	2430	2492	2397	2547	2520	3707	3678	3698	3643	3639	3641
IPT	9574243	2353	2342	2382	2430	2488	2395	2548	2520	3707	3678	3698	3642	3639	3641
IPT	9574417	2359	2352	2390	2440	2493	2397	2548	2521	3707	3679	3698	3643	3640	3642
IPT	9574591	2364	2360	2402	2446	2500	2401	2548	2522	3707	3679	3698	3643	3639	3642
IPT	9574765	2371	2372	2414	2460	2508	2408	2550	2525	3707	3679	3699	3643	3640	3641
IPT	9574939	2374	2372	2422	2473	2514	2412	2553	2527	3707	3679	3698	3642	3640	3642
IPT	9575113	2375	2374	2425	2476	2518	2414	2552	2526	3708	3678	3699	3643	3639	3642
IPT	9575287	2374	2373	2427	2477	2520	2417	2554	2528	3707	3678	3698	3643	3639	3642
IPT	9575462	2370	2371	2437	2482	2524	2420	2556	2530	3707	3678	3698	3642	3639	3642
IPT	9575636	2373	2380	2448	2495	2533	2425	2556	2530	3707	3678	3698	3642	3639	3642
IPT	9575810	2381	2390	2455	2505	2537	2429	2558	2531	3707	3679	3698	3643	3639	3642
IPT	9575984	2381	2387	2456	2503	2540	2430	2558	2532	3707	3678	3698	3643	3639	3642
IPT	9576158	2374	2381	2458	2504	2543	2434	2558	2532	3708	3678	3699	3643	3640	3643
IPT	9576332	2374	2380	2454	2503	2543	2434	2559	2531	3707	3678	3699	3643	3640	3642
IPT	9576506	2372	2382	2449	2502	2539	2428	2558	2529	3707	3678	3698	3642	3639	3642
IPT	9576680	2374	2378	2449	2496	2535	2425	2557	2528	3707	3678	3698	3642	3639	3641
IPT	9576854	2374	2379	2449	2494	2535	2424	2557	2529	3707	3678	3698	3643	3639	3642
IPT	9577028	2378	2378	2436	2481	2531	2424	2557	2530	3706	3677	3698	3642	3639	3641
IPT	9577202	2381	2382	2437	2483	2532	2422	2557	2530	3707	3678	3698	3642	3638	3641
IPT	9577376	2390	2393	2446	2495	2537	2428	2558	2532	3707	3678	3698	3643	3639	3641
IPT	9577550	2405	2409	2454	2506	2540	2430	2559	2531	3707	3678	3698	3643	3639	3641
IPT	9577724	2414	2419	2461	2513	2541	2430	2559	2529	3707	3679	3698	3642	3639	3642
IPT	9577898	2417	2422	2460	2515	2539	2428	2557	2527	3707	3678	3698	3642	3639	3641
IPT	9578072	2419	2419	2457	2513	2536	2425	2556	2526	3707	3678	3698	3642	3639	3642
IPT	9578246	2419	2419	2460	2513	2538	2427	2557	2528	3707	3678	3698	3643	3638	3641
IPT	9578420	2421	2426	2466	2517	2540	2425	2556	2528	3706	3678	3697	3642	3638	3641
IPT	9578594	2425	2423	2470	2519	2540	2427	2556	2528	3707	3678	3697	3643	3638	3641
IPT	9578768	2427	2423	2466	2521	2539	2425	2556	2528	3707	3678	3697	3642	3639	3642
IPT	9578943	2423	2426	2463	2521	2538	2423	2556	2530	3707	3679	3698	3642	3639	3642
IPT	9579117	2415	2425	2457	2522	2534	2424	2557	2532	3707	3679	3699	3643	3639	3642
IPT	9579291	2420	2427	2452	2520	2533	2423	2557	2533	3708	3678	3698	3643	3639	3642
IPT	9579465	2422	2425	2448	2512	2533	2421	2557	2529	3707	3678	3698	3643	3639	3642
IPT	9579639	2416	2419	2451	2508	2533	2421	2557	2528	3707	3679	3698	3643	3639	3642
IPT	9579813	2407	2410	2456	2508	2537	2425	2558	2529	3707	3678	3698	3642	3639	3641
IPT	9579987	2407	2406	2452	2506	2538	2427	2558	2529	3708	3679	3699	3643	3639	3642
IPT	9580161	2403	2400	2447	2501	2533	2426	2557	2526	3707	3679	3699	3643	3639	3642
IPT	9580335	2391	2392	2451	2505	2533	2427	2557	2526	3707	3678	3698	3642	3639	3641
IPT	9580509	2385	2387	2452	2506	2533	2430	2558	2528	3707	3678	3698	3643	3639	3641
IPT	9580683	2379	2385	2453	2505	2536	2432	2558	2529	3707	3678	3697	3642	3639	3640
IPT	9580857	2372	2384	2452	2506	2539	2431	2557	2526	3707	3678	3698	3642	3639	3641
IPT	9581031	2370	2384	2443	2498	2537	2426	2556	2526	3707	3678	3698	3643	3639	3641
IPT	9581205	2373	2388	2442	2499	2533	2426	2557	2527	3707	3678	3698	3643	3640	3641
IPT	9581379	2374	2381	2437	2494	2532	2428	2558	2529	3707	3678	3698	3642	3638	3641
IPT	9581554	2372	2379	2440	2493	2534	2429	2558	2530	3707	3678	3699	3643	3639	3642
IPT	9581728	2370	2380	2438	2494	2532	2428	2558	2530	3707	3678	3698	3643	3639	3642
IPT	9581902	2372	2384	2444	2498	2534	2429	2559	2531	3707	3678	3698	3642	3639	3641
IPT	9582076	2367	2370	2428	2483	2532	2426	2558	2527	3707	3678	3698	3642	3638	3641
IPT	9582250	2360	2359	2422	2476	2529	2424	2556	2523	3707	3678	3698	3642	3639	3641
IPT	9582424	2350	2348	2408	2461	2526	2424	2556	2523	3707	3678	3699	3643	3639	3641
IPT	9582598	2349	2344	2409	2458	2527	2424	2555	2525	3707	3678	3698	3643	3640	3642
IPT	9582772	2350	2342	2414	2456	2528	2422	2557	2528	3708	3679	3698	3643	3639	3642
IPT	9582946	2347	2339	2425	2462	2532	2427	2558	2529	3707	3679	3699	3643	3639	3642
IPT	9583120	2356	2351	2436	2474	2536	2431	2558	2529	3707	3678	3698	3643	3639	3641
IPT	9583294	2368	2365	2439	2480	2537	2429	2557	2530	3708	3679	3699	3643	3639	3641
IPT	9583468	2376	2370	2439	2481	2541	2429	2558	2530	3707	3679	3698	3642	3639	3642
IPT	9583642	2379	2380	2441	2484	2540	2429	2558	2531	3707	3679	3698	3643	3639	3642
IPT	9583816	2372	2383	2440	2485	2539	2431	2558	2533	3707	3678	3698	3643	3639	3642
IPT	9583990	2368	2378	2440	2480	2541	2430	2558	2534	3707	3679	3699	3643	3639	3642
IPT	9584164	2364	2366	2443	2475	2543	2431	2559	2535	3708	3679	3698	3643	3640	3642
IPT	9584338	2371	2372	2447	2480	2543	2433	2559	2535	3708	3679	3698	3643	3640	3642
IPT	9584512	2369	2376	2447	2481	2544	2431	2559	2531	3708	3679	3698	3643	3640	3642
IPT	9584686	2372	2376	2436	2476	2537	2426	2557	2527	3708	3678	3698	3644	3640	3642
IPT	9584860	2361	2361	2420	2465	2526	2419	2554	2525	3708	3679	3699	3644	3639	3643
IPT	9585034	2354	2360	2428	2469	2524	2413	2552	2521	3707	3679	3699	3643	3639	3641
IPT	9585208	2358	2366	2438	2477	2527	2416	2552	2523	3707	3679	3698	3643	3639	3642
IPT	9585382	2358	2359	2437	2475	2529	2418	2554	2523	3707	3679	3698	3643	3639	3641
IPT	9585556	2357	2349	2429	2467	2527	2413	2552	2518	3708	3679	3698	3643	3640	3642
IPT	9585730	2358	2351	2424	2466	2526	2417	2552	2520	3708	3679	3699	3643	3640	3643
IPT	9585904	2360	2350	2417	2462	2520	2413	2550	2520	3707	3678	3698	3643	3639	3642
IPT	9586078	2356	2347	2422	2464	2517	2410	2547	2520	3707	3678	3699	3643	3639	3642
IPT	9586252	2359	2356	2431	2471	2521	2412	2549	2523	3707	3678	3698	3643	3640	3641
IPT	9586426	2364	2361	2433	2472	2526	2418	2553	2525	3708	3678	3698	3643	3639	3642
IPT	9586600	2359	2356	2432	2469	2531	2421	2554	2526	3707	3678	3698	3642	3639	3642
IPT	9586774	2360	2364	2438	2476	2532	2423	2554	2524	3707	3678	3698	3642	3639	3642
IPT	9586948	2364	2378	2442	2486	2532	2422	2552	2523	3707	3678	3698	3643	3639	3642
IPT	9587122	2366	2375	2440	2485	2532	2422	2552	2522	3708	3679	3698	3643	3639	3642
IPT	9587296	2358	2358	2436	2478	2532	2424	2553	2525	3707	3678	3698	3643	3640	3642
IPT	9587470	2342	2338	2432	2473	2533	2430	2556	2529	3708	3679	3699	3643	3640	3642
IPT	9587644	2341	2349	2443	2482	2537	2433	2558	2531	3708	3678	3698	3643	3639	3641
