IPT	9729444	2437	2414	2460	2512	2545	2433	2559	2529	3708	3679	3699	3643	3639	3642
IPT	9729619	2430	2417	2462	2517	2546	2432	2558	2529	3708	3678	3699	3644	3640	3642
IPT	9729793	2430	2419	2463	2518	2546	2430	2558	2528	3708	3679	3699	3643	3640	3642
IPT	9729967	2433	2424	2467	2522	2548	2435	2558	2528	3708	3679	3698	3643	3639	3642
IPT	9730142	2430	2426	2474	2526	2551	2437	2558	2530	3708	3679	3699	3643	3639	3642
IPT	9730316	2420	2420	2470	2522	2552	2436	2559	2531	3708	3679	3699	3643	3640	3642
IPT	9730491	2408	2402	2461	2505	2549	2436	2560	2531	3707	3678	3698	3643	3639	3642
IPT	9730665	2410	2406	2464	2507	2551	2435	2560	2530	3707	3678	3698	3643	3639	3642
IPT	9730840	2422	2418	2471	2515	2552	2439	2560	2532	3707	3679	3698	3643	3639	3642
IPT	9731014	2432	2426	2474	2520	2552	2439	2562	2532	3707	3678	3699	3644	3639	3642
IPT	9731189	2430	2419	2461	2513	2547	2436	2561	2532	3708	3679	3698	3643	3639	3642
IPT	9731364	2429	2420	2460	2514	2547	2434	2562	2532	3707	3678	3698	3642	3639	3641
IPT	9731538	2436	2425	2465	2518	2549	2436	2561	2532	3708	3679	3699	3643	3640	3642
IPT	9731713	2434	2423	2462	2515	2552	2438	2562	2531	3708	3678	3699	3643	3640	3642
IPT	9731887	2426	2416	2459	2512	2552	2436	2561	2529	3707	3679	3698	3642	3639	3642
IPT	9732062	2422	2411	2454	2510	2549	2437	2560	2529	3707	3678	3698	3643	3639	3642
IPT	9732236	2417	2401	2444	2501	2545	2436	2560	2531	3707	3678	3698	3642	3639	3641
IPT	9732411	2409	2387	2434	2487	2541	2432	2560	2531	3707	3678	3698	3643	3639	3641
IPT	9732585	2405	2381	2438	2483	2541	2433	2560	2530	3708	3679	3699	3643	3639	3642
IPT	9732760	2396	2371	2434	2474	2540	2434	2560	2530	3708	3679	3699	3643	3640	3642
IPT	9732934	2395	2375	2438	2477	2539	2435	2561	2531	3708	3678	3699	3643	3640	3643
IPT	9733109	2405	2385	2440	2483	2539	2436	2561	2531	3708	3679	3699	3644	3640	3642
IPT	9733283	2414	2391	2437	2486	2540	2434	2560	2529	3708	3679	3698	3643	3639	3642
IPT	9733458	2415	2397	2444	2492	2542	2432	2560	2530	3708	3679	3699	3643	3639	3642
IPT	9733632	2415	2401	2444	2494	2540	2432	2559	2531	3708	3678	3698	3643	3640	3642
IPT	9733807	2421	2408	2442	2497	2538	2430	2560	2532	3707	3679	3698	3643	3639	3642
IPT	9733981	2428	2415	2443	2502	2538	2430	2560	2533	3707	3678	3698	3643	3639	3641
IPT	9734156	2427	2420	2452	2510	2542	2432	2560	2533	3708	3678	3698	3642	3639	3641
IPT	9734331	2434	2428	2460	2517	2546	2435	2560	2533	3708	3679	3698	3643	3639	3642
IPT	9734505	2440	2433	2465	2522	2548	2437	2561	2534	3707	3678	3698	3642	3639	3641
IPT	9734680	2441	2437	2471	2530	2552	2438	2562	2535	3708	3679	3699	3642	3639	3642
IPT	9734854	2432	2428	2470	2532	2553	2443	2562	2533	3707	3678	3698	3642	3639	3641
IPT	9735029	2432	2428	2475	2535	2555	2444	2563	2534	3708	3678	3698	3643	3639	3642
IPT	9735203	2433	2426	2472	2533	2556	2445	2564	2535	3708	3679	3698	3643	3640	3642
IPT	9735378	2427	2416	2456	2517	2550	2439	2563	2534	3707	3678	3698	3643	3639	3642
IPT	9735552	2430	2417	2460	2515	2551	2440	2563	2532	3707	3678	3698	3643	3639	3642
IPT	9735726	2434	2426	2470	2524	2554	2443	2564	2533	3708	3678	3698	3643	3639	3641
IPT	9735901	2436	2430	2476	2530	2555	2440	2563	2533	3707	3678	3698	3642	3639	3642
IPT	9736075	2442	2431	2477	2531	2557	2442	2563	2532	3707	3678	3698	3643	3639	3642
IPT	9736250	2439	2423	2473	2524	2555	2438	2562	2531	3707	3678	3698	3643	3639	3642
IPT	9736424	2436	2420	2467	2519	2550	2432	2560	2529	3707	3678	3698	3642	3639	3641
IPT	9736599	2432	2419	2468	2522	2549	2433	2560	2529	3707	3678	3698	3643	3639	3642
IPT	9736773	2430	2413	2457	2514	2548	2432	2560	2531	3707	3678	3698	3643	3639	3641
IPT	9736947	2422	2403	2452	2509	2547	2432	2561	2532	3707	3678	3698	3642	3639	3641
IPT	9737121	2414	2394	2457	2508	2548	2435	2562	2533	3707	3678	3699	3643	3640	3641
IPT	9737295	2404	2386	2458	2505	2550	2439	2562	2534	3707	3678	3699	3643	3639	3643
IPT	9737469	2395	2382	2456	2501	2547	2436	2563	2534	3708	3678	3698	3643	3639	3641
IPT	9737643	2397	2387	2454	2500	2547	2439	2564	2534	3708	3679	3699	3643	3639	3642
IPT	9737818	2401	2394	2460	2506	2547	2438	2563	2534	3707	3679	3698	3643	3639	3642
IPT	9737992	2404	2399	2459	2507	2547	2436	2561	2534	3708	3678	3698	3642	3639	3641
IPT	9738166	2404	2398	2460	2507	2547	2439	2562	2534	3707	3678	3698	3643	3639	3641
IPT	9738340	2396	2393	2462	2508	2547	2439	2563	2534	3707	3678	3698	3642	3639	3641
IPT	9738514	2386	2385	2456	2504	2545	2435	2561	2531	3707	3678	3698	3643	3639	3642
IPT	9738689	2382	2373	2441	2493	2536	2426	2558	2525	3707	3678	3698	3643	3639	3641
IPT	9738863	2383	2377	2440	2493	2532	2425	2558	2524	3707	3678	3698	3643	3639	3642
IPT	9739037	2387	2387	2445	2499	2534	2427	2558	2525	3708	3678	3698	3643	3639	3642
IPT	9739212	2389	2397	2452	2506	2537	2426	2558	2526	3708	3679	3698	3643	3639	3643
IPT	9739386	2402	2413	2459	2514	2540	2427	2558	2526	3707	3679	3698	3643	3639	3642
IPT	9739560	2411	2421	2466	2522	2544	2433	2559	2529	3708	3679	3699	3644	3640	3642
IPT	9739734	2421	2426	2471	2529	2546	2432	2560	2531	3708	3679	3699	3644	3640	3642
IPT	9739908	2428	2426	2473	2530	2547	2435	2561	2533	3708	3679	3699	3643	3640	3642
IPT	9740082	2433	2429	2476	2531	2549	2437	2561	2533	3707	3678	3698	3643	3639	3642
IPT	9740256	2442	2439	2480	2537	2552	2437	2561	2534	3707	3679	3698	3643	3639	3642
IPT	9740430	2449	2444	2481	2539	2554	2441	2561	2533	3707	3679	3699	3643	3639	3641
IPT	9740604	2450	2437	2474	2532	2550	2434	2561	2533	3708	3679	3699	3644	3639	3642
IPT	9740778	2439	2422	2463	2520	2548	2435	2561	2532	3708	3679	3698	3643	3640	3642
IPT	9740952	2436	2424	2460	2521	2545	2430	2559	2531	3708	3678	3698	3643	3640	3643
IPT	9741126	2427	2419	2450	2517	2540	2426	2558	2530	3708	3679	3698	3643	3639	3642
IPT	9741300	2421	2414	2442	2512	2533	2424	2558	2530	3708	3679	3698	3643	3639	3642
IPT	9741474	2420	2407	2433	2504	2526	2414	2556	2529	3708	3678	3698	3643	3639	3642
IPT	9741648	2421	2407	2431	2499	2527	2415	2556	2529	3708	3679	3699	3643	3639	3642
IPT	9741822	2415	2401	2439	2499	2531	2417	2556	2529	3708	3679	3699	3644	3640	3643
IPT	9741996	2404	2388	2445	2498	2535	2421	2557	2531	3708	3679	3699	3644	3640	3642
IPT	9742170	2402	2384	2447	2497	2540	2427	2558	2531	3708	3679	3699	3643	3640	3641
IPT	9742344	2403	2389	2455	2505	2544	2431	2559	2533	3708	3679	3698	3643	3640	3642
IPT	9742518	2399	2392	2462	2510	2548	2436	2559	2534	3708	3679	3699	3643	3639	3642
IPT	9742692	2405	2403	2469	2517	2550	2438	2560	2534	3708	3679	3699	3643	3640	3642
IPT	9742866	2414	2413	2474	2523	2551	2440	2561	2534	3708	3679	3698	3643	3640	3642
IPT	9743040	2416	2409	2472	2524	2550	2438	2562	2535	3708	3679	3699	3643	3640	3642
IPT	9743214	2415	2403	2468	2518	2550	2436	2561	2534	3708	3679	3698	3643	3640	3642
IPT	9743389	2414	2400	2469	2514	2549	2438	2561	2534	3707	3679	3699	3643	3640	3642
IPT	9743563	2415	2403	2467	2517	2550	2441	2562	2534	3708	3679	3699	3643	3640	3643
IPT	9743737	2414	2398	2462	2514	2550	2441	2563	2534	3708	3679	3698	3644	3640	3642
IPT	9743911	2409	2391	2458	2509	2551	2443	2562	2535	3707	3678	3698	3642	3639	3641
IPT	9744085	2409	2396	2465	2514	2553	2442	2563	2535	3707	3679	3699	3643	3639	3642
IPT	9744259	2419	2406	2469	2520	2552	2442	2563	2536	3707	3678	3698	3643	3639	3641
IPT	9744433	2426	2412	2468	2522	2551	2435	2562	2533	3707	3678	3698	3643	3639	3642
IPT	9744607	2428	2415	2465	2521	2551	2435	2561	2534	3708	3679	3698	3643	3639	3642
IPT	9744781	2426	2416	2461	2519	2548	2437	2561	2535	3708	3679	3698	3643	3640	3642
IPT	9744955	2425	2416	2459	2518	2547	2437	2561	2535	3707	3679	3699	3643	3640	3642
IPT	9745129	2418	2409	2446	2509	2542	2434	2561	2535	3708	3679	3699	3643	3639	3642
IPT	9745303	2404	2394	2440	2497	2538	2432	2561	2535	3709	3679	3700	3644	3641	3643
IPT	9745477	2401	2397	2442	2499	2538	2436	2561	2534	3708	3679	3699	3643	3640	3642
IPT	9745651	2406	2406	2448	2507	2540	2437	2562	2535	3708	3679	3698	3642	3639	3642
IPT	9745825	2411	2408	2456	2511	2544	2439	2561	2535	3708	3679	3699	3643	3640	3642
IPT	9745999	2409	2408	2452	2512	2540	2432	2559	2533	3708	3679	3699	3644	3640	3642
IPT	9746173	2397	2393	2447	2503	2538	2429	2558	2532	3708	3679	3699	3643	3640	3643
IPT	9746347	2388	2380	2447	2496	2540	2428	2557	2531	3708	3679	3699	3644	3640	3643
IPT	9746521	2383	2376	2449	2494	2541	2430	2558	2532	3708	3679	3699	3643	3640	3642
IPT	9746695	2385	2381	2452	2497	2545	2431	2560	2534	3708	3679	3699	3643	3640	3643
IPT	9746869	2395	2397	2461	2508	2547	2434	2560	2534	3708	3680	3699	3643	3640	3643
IPT	9747043	2401	2403	2458	2510	2548	2437	2561	2535	3708	3679	3699	3643	3640	3642
IPT	9747217	2396	2400	2447	2504	2543	2433	2560	2535	3708	3679	3699	3643	3639	3642
IPT	9747391	2395	2404	2451	2509	2544	2434	2560	2534	3708	3679	3699	3644	3639	3642
IPT	9747565	2399	2415	2459	2517	2547	2437	2561	2534	3708	3679	3698	3643	3640	3642
IPT	9747739	2411	2426	2465	2525	2549	2438	2561	2535	3708	3679	3699	3643	3639	3642
IPT	9747913	2418	2428	2465	2528	2550	2438	2561	2534	3708	3679	3699	3643	3639	3642
IPT	9748087	2418	2427	2467	2529	2549	2438	2560	2533	3708	3678	3699	3643	3640	3642
IPT	9748261	2427	2436	2473	2535	2551	2439	2561	2534	3708	3679	3699	3643	3639	3643
IPT	9748435	2434	2440	2471	2536	2552	2439	2563	2535	3708	3679	3699	3643	3640	3642
IPT	9748609	2428	2426	2467	2525	2549	2439	2563	2533	3708	3679	3699	3643	3640	3643
IPT	9748783	2417	2411	2462	2514	2547	2437	2562	2532	3708	3679	3699	3644	3640	3642
IPT	9748957	2420	2413	2463	2515	2546	2436	2562	2531	3708	3679	3699	3643	3639	3642
IPT	9749131	2422	2412	2462	2514	2547	2437	2561	2531	3708	3679	3698	3644	3640	3642
IPT	9749306	2409	2399	2459	2506	2547	2438	2561	2531	3708	3679	3699	3643	3639	3642
IPT	9749480	2395	2383	2454	2494	2547	2439	2561	2532	3708	3679	3698	3644	3640	3642
IPT	9749654	2392	2381	2457	2497	2549	2437	2561	2532	3708	3679	3699	3643	3639	3643
IPT	9749828	2395	2385	2457	2500	2547	2436	2560	2531	3708	3679	3699	3644	3640	3642
IPT	9750002	2398	2389	2450	2497	2543	2431	2560	2531	3708	3679	3699	3643	3640	3643
IPT	9750176	2404	2393	2445	2496	2542	2432	2560	2531	3707	3679	3699	3644	3639	3642
IPT	9750350	2413	2404	2451	2505	2543	2434	2559	2530	3708	3679	3699	3643	3640	3642
IPT	9750524	2416	2406	2451	2508	2543	2433	2558	2531	3707	3679	3699	3643	3639	3642
IPT	9750699	2418	2406	2449	2509	2541	2432	2558	2531	3708	3678	3698	3644	3639	3642
IPT	9750873	2424	2412	2452	2509	2542	2433	2559	2533	3708	3679	3699	3643	3640	3642
IPT	9751047	2431	2414	2459	2511	2546	2435	2560	2534	3708	3679	3699	3643	3640	3642
IPT	9751221	2425	2407	2460	2510	2546	2438	2561	2535	3708	3679	3699	3643	3640	3642
IPT	9751395	2416	2399	2461	2509	2547	2437	2561	2536	3708	3679	3699	3643	3640	3642
IPT	9751570	2405	2396	2467	2512	2551	2440	2562	2537	3708	3679	3699	3643	3640	3641
IPT	9751744	2410	2408	2472	2518	2553	2442	2562	2534	3708	3679	3699	3643	3640	3642
IPT	9751918	2417	2417	2475	2524	2554	2443	2562	2534	3708	3679	3699	3643	3640	3642
IPT	9752092	2422	2420	2475	2527	2554	2441	2563	2535	3708	3679	3699	3644	3640	3642
IPT	9752266	2425	2418	2469	2524	2553	2441	2563	2533	3708	3679	3699	3643	3640	3642
IPT	9752440	2427	2416	2461	2520	2548	2437	2562	2533	3708	3678	3698	3643	3639	3642
IPT	9752615	2428	2416	2460	2518	2546	2434	2560	2531	3708	3679	3699	3644	3640	3642
IPT	9752789	2428	2415	2462	2518	2549	2433	2560	2531	3708	3679	3699	3643	3640	3642
IPT	9752963	2433	2419	2463	2521	2550	2434	2560	2531	3707	3678	3698	3643	3639	3641
IPT	9753137	2434	2419	2456	2518	2547	2435	2559	2530	3707	3678	3698	3642	3639	3642
IPT	9753312	2435	2419	2451	2514	2545	2433	2559	2531	3707	3678	3698	3643	3639	3642
IPT	9753486	2427	2405	2439	2501	2540	2427	2558	2532	3708	3679	3699	3643	3640	3643
IPT	9753660	2418	2392	2432	2493	2536	2426	2558	2533	3709	3679	3699	3644	3640	3643
IPT	9753834	2417	2393	2439	2494	2535	2429	2558	2532	3708	3679	3699	3643	3640	3642
IPT	9754008	2417	2399	2445	2499	2540	2429	2558	2533	3708	3679	3699	3644	3639	3642
IPT	9754182	2416	2398	2439	2496	2537	2428	2558	2532	3708	3679	3698	3643	3639	3641
IPT	9754356	2418	2397	2436	2494	2535	2429	2558	2532	3707	3679	3698	3643	3639	3641
IPT	9754530	2419	2399	2440	2496	2538	2429	2559	2534	3708	3678	3698	3642	3639	3642
IPT	9754705	2419	2402	2448	2502	2542	2434	2561	2536	3708	3679	3699	3643	3640	3642
IPT	9754879	2429	2415	2460	2515	2545	2438	2563	2537	3708	3679	3699	3643	3639	3642
IPT	9755053	2437	2425	2463	2522	2546	2435	2560	2535	3708	3679	3698	3643	3639	3642
IPT	9755227	2439	2419	2449	2512	2543	2432	2559	2535	3708	3679	3698	3643	3640	3643
IPT	9755401	2438	2415	2445	2506	2542	2429	2559	2534	3708	3678	3698	3643	3640	3642
IPT	9755575	2438	2419	2451	2512	2543	2430	2559	2532	3707	3678	3698	3642	3639	3641
IPT	9755749	2440	2425	2455	2517	2544	2433	2560	2534	3707	3678	3698	3643	3639	3642
IPT	9755923	2442	2430	2462	2522	2546	2434	2560	2534	3707	3678	3698	3642	3639	3642
IPT	9756098	2442	2429	2461	2520	2547	2432	2560	2534	3707	3678	3698	3642	3639	3641
IPT	9756272	2445	2429	2460	2521	2548	2435	2561	2535	3707	3679	3699	3642	3639	3642
IPT	9756446	2443	2421	2459	2517	2545	2433	2560	2534	3708	3679	3699	3643	3639	3642
IPT	9756620	2437	2407	2453	2504	2545	2433	2560	2533	3707	3679	3699	3643	3639	3641
IPT	9756794	2427	2396	2454	2501	2548	2436	2560	2534	3708	3679	3699	3644	3639	3642
IPT	9756968	2423	2400	2457	2505	2549	2436	2561	2533	3708	3678	3699	3643	3640	3642
IPT	9757142	2424	2405	2458	2508	2546	2437	2561	2533	3708	3678	3699	3644	3639	3642
IPT	9757316	2427	2410	2465	2514	2548	2437	2561	2534	3708	3679	3698	3642	3640	3642
IPT	9757490	2428	2411	2471	2517	2552	2439	2563	2536	3708	3678	3698	3643	3639	3642
IPT	9757664	2422	2403	2470	2515	2552	2438	2563	2536	3708	3679	3698	3643	3640	3641
IPT	9757838	2416	2394	2453	2507	2546	2435	2561	2533	3707	3679	3698	3643	3640	3641
IPT	9758012	2410	2388	2452	2507	2545	2433	2560	2534	3707	3678	3699	3643	3639	3642
IPT	9758186	2414	2394	2452	2508	2545	2434	2560	2534	3708	3678	3699	3643	3640	3642
IPT	9758360	2418	2401	2451	2509	2544	2430	2559	2534	3708	3679	3698	3643	3640	3641
IPT	9758534	2417	2404	2456	2512	2546	2433	2560	2533	3708	3679	3699	3643	3640	3642
IPT	9758708	2419	2408	2458	2513	2548	2434	2560	2535	3708	3679	3699	3643	3640	3643
IPT	9758882	2425	2413	2462	2516	2548	2433	2561	2534	3708	3679	3699	3643	3640	3642
IPT	9759056	2427	2416	2465	2520	2549	2435	2560	2534	3708	3679	3699	3643	3639	3642
IPT	9759230	2420	2409	2467	2522	2550	2434	2561	2535	3707	3678	3698	3643	3639	3642
IPT	9759404	2402	2386	2449	2508	2550	2440	2562	2535	3708	3678	3699	3643	3639	3641
IPT	9759578	2396	2383	2447	2505	2547	2438	2562	2534	3708	3678	3698	3643	3639	3642
IPT	9759752	2406	2394	2449	2509	2546	2438	2562	2535	3707	3679	3698	3642	3639	3641
IPT	9759926	2413	2398	2449	2508	2546	2438	2562	2536	3708	3679	3698	3642	3639	3641
IPT	9760100	2415	2401	2452	2507	2547	2438	2562	2535	3707	3678	3698	3643	3639	3641
IPT	9760274	2413	2396	2450	2505	2546	2436	2561	2535	3707	3679	3698	3643	3639	3642
IPT	9760448	2418	2402	2458	2508	2548	2435	2560	2534	3708	3678	3698	3643	3639	3642
IPT	9760622	2417	2404	2463	2509	2550	2436	2560	2535	3707	3678	3698	3643	3639	3642
IPT	9760796	2418	2407	2463	2509	2551	2434	2560	2535	3708	3679	3698	3643	3639	3642
IPT	9760970	2419	2404	2461	2508	2549	2434	2561	2536	3708	3679	3699	3643	3640	3642
IPT	9761144	2417	2399	2457	2505	2546	2431	2560	2534	3707	3678	3698	3643	3639	3642
IPT	9761318	2418	2402	2459	2507	2544	2431	2559	2533	3707	3678	3699	3643	3639	3642
IPT	9761492	2415	2400	2462	2507	2545	2431	2560	2534	3708	3678	3699	3643	3640	3642
IPT	9761666	2403	2394	2462	2504	2546	2436	2560	2535	3708	3679	3698	3643	3640	3642
IPT	9761840	2395	2389	2451	2501	2543	2436	2560	2533	3707	3679	3699	3643	3639	3642
IPT	9762014	2398	2399	2454	2507	2544	2435	2560	2533	3708	3679	3698	3642	3639	3641
IPT	9762188	2410	2412	2459	2514	2545	2435	2560	2533	3708	3678	3698	3643	3639	3642
IPT	9762362	2416	2414	2457	2513	2547	2438	2561	2534	3708	3679	3698	3643	3640	3642
IPT	9762536	2410	2400	2452	2504	2545	2438	2560	2534	3708	3679	3699	3643	3640	3642
IPT	9762710	2401	2386	2443	2495	2540	2434	2561	2534	3708	3678	3699	3643	3639	3642
IPT	9762884	2403	2388	2442	2493	2540	2435	2561	2534	3708	3679	3699	3643	3639	3642
IPT	9763058	2412	2399	2447	2497	2543	2434	2560	2532	3708	3678	3699	3643	3639	3642
IPT	9763232	2420	2410	2452	2505	2544	2435	2560	2533	3707	3679	3698	3643	3639	3641
IPT	9763406	2420	2415	2461	2511	2548	2436	2561	2534	3708	3679	3699	3644	3640	3642
IPT	9763580	2422	2420	2466	2516	2550	2436	2561	2534	3708	3679	3699	3643	3640	3643
IPT	9763754	2427	2421	2464	2519	2550	2437	2562	2534	3708	3679	3699	3643	3639	3642
IPT	9763928	2417	2407	2458	2512	2551	2439	2563	2535	3708	3679	3699	3643	3640	3642
IPT	9764102	2411	2406	2460	2514	2551	2440	2564	2536	3708	3679	3699	3643	3640	3642
IPT	9764276	2418	2415	2468	2523	2553	2441	2564	2535	3708	3679	3698	3643	3640	3642
IPT	9764450	2428	2426	2471	2530	2554	2439	2563	2535	3708	3679	3699	3643	3640	3642
IPT	9764624	2434	2431	2467	2531	2552	2439	2562	2535	3708	3679	3699	3643	3640	3642
IPT	9764798	2437	2428	2462	2526	2549	2439	2562	2535	3708	3679	3699	3643	3640	3642
IPT	9764972	2433	2423	2464	2523	2551	2439	2562	2534	3708	3679	3699	3643	3640	3642
IPT	9765146	2431	2426	2455	2521	2548	2439	2562	2534	3708	3679	3699	3643	3640	3642
IPT	9765320	2430	2426	2446	2514	2542	2435	2560	2533	3708	3679	3699	3643	3640	3641
IPT	9765494	2429	2420	2447	2512	2539	2431	2560	2533	3707	3679	3699	3643	3640	3642
IPT	9765668	2415	2410	2447	2508	2542	2434	2560	2534	3708	3679	3699	3643	3639	3642
IPT	9765842	2403	2402	2449	2505	2544	2437	2560	2534	3708	3678	3698	3643	3640	3642
IPT	9766016	2395	2398	2450	2507	2544	2438	2561	2536	3708	3678	3698	3643	3640	3642
IPT	9766190	2391	2392	2449	2498	2544	2437	2561	2537	3707	3678	3698	3642	3639	3642
IPT	9766364	2386	2396	2453	2499	2547	2438	2561	2535	3707	3679	3699	3643	3639	3642
IPT	9766538	2380	2394	2458	2502	2547	2438	2560	2533	3708	3679	3698	3643	3639	3642
IPT	9766712	2387	2404	2465	2510	2550	2440	2560	2534	3708	3679	3698	3643	3639	3643
IPT	9766886	2394	2406	2462	2509	2550	2440	2560	2534	3707	3678	3698	3643	3639	3642
IPT	9767060	2407	2414	2469	2515	2551	2440	2561	2534	3707	3678	3698	3642	3639	3641
IPT	9767234	2418	2424	2468	2518	2550	2438	2561	2535	3707	3678	3698	3643	3639	3641
IPT	9767408	2419	2421	2459	2512	2546	2432	2560	2534	3707	3678	3698	3642	3639	3641
IPT	9767582	2416	2419	2460	2511	2545	2432	2560	2534	3707	3678	3699	3642	3639	3641
IPT	9767756	2423	2428	2468	2519	2550	2434	2560	2534	3707	3678	3698	3642	3639	3641
IPT	9767930	2431	2429	2473	2521	2552	2437	2562	2534	3707	3678	3698	3642	3639	3642
IPT	9768105	2433	2430	2475	2523	2552	2437	2562	2534	3707	3679	3698	3642	3639	3642
IPT	9768279	2428	2429	2470	2524	2550	2436	2561	2532	3707	3678	3698	3642	3639	3641
IPT	9768453	2425	2431	2472	2528	2550	2436	2561	2532	3707	3678	3698	3642	3639	3641
IPT	9768627	2425	2433	2466	2526	2550	2436	2561	2531	3708	3679	3698	3642	3639	3642
IPT	9768801	2429	2431	2460	2524	2547	2431	2558	2528	3707	3679	3698	3643	3639	3642
IPT	9768975	2429	2426	2454	2518	2543	2430	2558	2528	3708	3678	3698	3642	3639	3642
IPT	9769149	2431	2426	2456	2517	2543	2431	2558	2531	3707	3678	3698	3642	3639	3642
IPT	9769323	2424	2415	2452	2511	2542	2427	2557	2530	3707	3679	3698	3643	3639	3641
IPT	9769498	2418	2408	2448	2505	2543	2428	2558	2530	3708	3678	3698	3643	3639	3641
IPT	9769672	2404	2396	2440	2495	2543	2429	2557	2530	3708	3679	3698	3643	3640	3642
IPT	9769846	2398	2398	2440	2499	2545	2430	2558	2529	3708	3679	3699	3643	3640	3642
IPT	9770020	2407	2411	2447	2509	2544	2431	2557	2527	3707	3679	3699	3643	3639	3642
IPT	9770194	2417	2418	2453	2516	2545	2429	2556	2528	3708	3679	3699	3643	3640	3642
IPT	9770368	2428	2430	2462	2524	2547	2432	2558	2530	3708	3678	3699	3643	3640	3642
IPT	9770543	2435	2435	2465	2526	2548	2433	2559	2532	3708	3678	3699	3642	3639	3642
IPT	9770717	2427	2430	2461	2517	2545	2432	2559	2532	3708	3678	3698	3643	3639	3642
IPT	9770891	2418	2421	2455	2507	2543	2432	2559	2533	3708	3679	3699	3644	3640	3642
IPT	9771065	2416	2419	2460	2510	2544	2431	2559	2533	3708	3679	3698	3643	3640	3642
IPT	9771240	2413	2418	2457	2513	2547	2432	2559	2532	3708	3678	3698	3643	3639	3642
IPT	9771414	2414	2420	2458	2515	2549	2435	2559	2533	3708	3679	3699	3643	3640	3642
IPT	9771588	2410	2412	2462	2511	2550	2435	2560	2533	3708	3679	3699	3644	3640	3642
IPT	9771763	2407	2405	2460	2506	2551	2439	2561	2533	3708	3679	3699	3643	3640	3642
IPT	9771937	2406	2400	2456	2503	2552	2438	2561	2535	3708	3679	3699	3643	3640	3642
IPT	9772111	2399	2392	2450	2493	2549	2436	2561	2534	3707	3678	3698	3642	3639	3642
IPT	9772285	2403	2397	2452	2497	2546	2434	2561	2534	3708	3679	3698	3643	3640	3642
IPT	9772460	2402	2394	2450	2498	2547	2435	2561	2535	3708	3679	3698	3643	3639	3642
IPT	9772634	2400	2395	2453	2500	2546	2437	2561	2536	3707	3678	3699	3643	3639	3642
IPT	9772808	2397	2387	2449	2493	2548	2436	2562	2537	3708	3679	3698	3643	3640	3642
IPT	9772983	2401	2390	2450	2495	2547	2435	2561	2534	3708	3679	3699	3643	3640	3642
IPT	9773157	2399	2396	2453	2499	2547	2435	2560	2532	3708	3679	3699	3643	3640	3642
IPT	9773331	2399	2397	2456	2500	2547	2432	2560	2532	3708	3679	3698	3643	3640	3642
IPT	9773506	2396	2392	2456	2496	2546	2435	2560	2532	3708	3679	3698	3643	3640	3642
IPT	9773680	2395	2384	2456	2493	2545	2435	2561	2532	3708	3679	3699	3643	3640	3643
IPT	9773854	2400	2386	2461	2499	2547	2436	2562	2533	3708	3679	3699	3643	3640	3642
IPT	9774029	2408	2398	2461	2507	2547	2436	2561	2530	3707	3678	3698	3643	3639	3642
IPT	9774203	2414	2403	2456	2507	2544	2434	2559	2528	3708	3679	3698	3643	3639	3642
IPT	9774377	2418	2407	2462	2510	2545	2433	2559	2530	3708	3679	3699	3643	3640	3642
IPT	9774552	2422	2408	2461	2510	2548	2436	2560	2532	3708	3679	3698	3643	3639	3641
IPT	9774726	2429	2415	2466	2514	2551	2437	2560	2533	3708	3678	3699	3643	3639	3642
IPT	9774900	2433	2419	2471	2519	2552	2438	2560	2533	3708	3679	3699	3643	3639	3642
IPT	9775074	2425	2408	2470	2516	2553	2438	2560	2533	3708	3679	3698	3643	3640	3642
IPT	9775249	2419	2403	2465	2511	2551	2438	2560	2534	3708	3679	3699	3643	3640	3642
IPT	9775423	2425	2408	2463	2512	2551	2436	2560	2532	3708	3679	3699	3643	3639	3642
IPT	9775597	2433	2415	2462	2515	2549	2435	2559	2532	3707	3679	3699	3643	3640	3642
IPT	9775772	2439	2418	2461	2517	2547	2430	2559	2531	3708	3679	3699	3643	3640	3642
IPT	9775946	2443	2422	2463	2519	2545	2429	2559	2530	3708	3679	3699	3643	3640	3642
IPT	9776120	2442	2417	2460	2517	2546	2429	2558	2529	3708	3679	3699	3644	3640	3642
IPT	9776294	2437	2408	2448	2509	2544	2430	2558	2530	3708	3679	3698	3643	3640	3641
IPT	9776468	2431	2392	2427	2487	2533	2421	2557	2531	3708	3679	3698	3643	3639	3642
IPT	9776643	2422	2378	2429	2477	2533	2420	2558	2531	3708	3679	3699	3643	3640	3642
IPT	9776817	2415	2382	2437	2482	2536	2424	2558	2531	3708	3679	3698	3642	3640	3642
IPT	9776991	2416	2391	2438	2488	2535	2421	2557	2529	3708	3679	3698	3643	3640	3642
IPT	9777165	2418	2400	2443	2495	2534	2420	2556	2530	3708	3679	3698	3643	3639	3642
IPT	9777340	2418	2406	2447	2499	2536	2423	2556	2529	3708	3679	3698	3643	3639	3642
IPT	9777514	2425	2411	2454	2506	2538	2425	2556	2530	3708	3679	3699	3643	3640	3642
IPT	9777688	2434	2419	2459	2512	2542	2427	2557	2529	3708	3678	3699	3643	3640	3642
IPT	9777863	2435	2418	2466	2513	2547	2431	2558	2530	3708	3679	3698	3643	3640	3642
IPT	9778037	2433	2419	2472	2521	2549	2434	2559	2531	3708	3680	3699	3643	3640	3642
IPT	9778212	2429	2416	2474	2526	2550	2437	2560	2532	3708	3679	3699	3644	3640	3642
IPT	9778386	2429	2417	2475	2530	2551	2437	2560	2532	3709	3680	3699	3643	3640	3642
IPT	9778560	2429	2419	2475	2531	2553	2437	2560	2533	3708	3679	3699	3643	3640	3642
IPT	9778734	2431	2420	2467	2529	2550	2439	2561	2532	3708	3679	3699	3643	3640	3643
IPT	9778909	2441	2426	2466	2530	2551	2439	2562	2534	3709	3679	3699	3644	3640	3643
IPT	9779083	2443	2428	2458	2526	2550	2442	2562	2534	3708	3680	3699	3643	3640	3643
IPT	9779257	2436	2421	2455	2522	2552	2441	2563	2535	3708	3679	3699	3644	3640	3642
IPT	9779431	2436	2418	2454	2519	2552	2441	2562	2535	3708	3679	3698	3643	3640	3641
IPT	9779605	2436	2419	2459	2521	2552	2439	2562	2535	3708	3679	3699	3644	3640	3642
IPT	9779779	2438	2424	2463	2524	2554	2438	2562	2535	3709	3679	3699	3643	3640	3643
IPT	9779953	2431	2422	2469	2527	2554	2440	2563	2535	3709	3679	3699	3643	3640	3642
IPT	9780128	2435	2423	2466	2528	2554	2440	2564	2535	3708	3679	3699	3643	3640	3642
IPT	9780302	2438	2422	2463	2525	2553	2443	2566	2536	3708	3679	3698	3643	3640	3642
IPT	9780476	2443	2426	2464	2526	2553	2443	2566	2535	3708	3678	3699	3643	3640	3642
IPT	9780650	2447	2429	2468	2527	2553	2444	2563	2533	3709	3680	3699	3644	3640	3643
IPT	9780824	2447	2435	2470	2530	2552	2441	2562	2532	3709	3680	3699	3644	3641	3643
IPT	9780998	2452	2441	2470	2532	2548	2439	2562	2532	3708	3679	3699	3644	3640	3642
IPT	9781173	2457	2446	2474	2536	2549	2439	2561	2532	3708	3679	3699	3643	3640	3642
IPT	9781347	2459	2446	2470	2534	2548	2437	2560	2532	3708	3679	3698	3643	3639	3642
IPT	9781521	2457	2438	2459	2525	2547	2434	2560	2534	3708	3679	3699	3643	3639	3642
IPT	9781696	2456	2433	2451	2519	2541	2435	2559	2533	3708	3679	3698	3643	3639	3643
IPT	9781870	2451	2426	2445	2513	2537	2428	2559	2532	3708	3679	3698	3643	3640	3642
IPT	9782044	2438	2417	2441	2508	2533	2426	2559	2533	3708	3678	3699	3643	3640	3642
IPT	9782218	2424	2409	2439	2502	2533	2425	2559	2533	3708	3679	3698	3643	3640	3642
IPT	9782392	2410	2394	2428	2491	2527	2425	2560	2532	3708	3679	3698	3643	3639	3642
IPT	9782566	2395	2381	2423	2479	2526	2428	2559	2532	3707	3679	3698	3643	3639	3642
IPT	9782741	2378	2373	2432	2479	2530	2429	2560	2533	3708	3679	3699	3643	3640	3642
IPT	9782915	2377	2379	2440	2487	2532	2428	2561	2535	3708	3679	3698	3643	3639	3642
IPT	9783089	2387	2385	2441	2490	2533	2429	2560	2536	3708	3679	3698	3643	3639	3642
IPT	9783263	2395	2390	2443	2491	2536	2432	2562	2537	3708	3679	3699	3643	3640	3642
IPT	9783437	2396	2391	2449	2493	2540	2435	2563	2538	3708	3679	3698	3644	3640	3642
IPT	9783611	2396	2394	2446	2493	2538	2434	2563	2537	3708	3679	3698	3643	3640	3642
IPT	9783785	2399	2400	2449	2499	2541	2435	2562	2536	3708	3679	3699	3643	3640	3643
IPT	9783960	2403	2407	2458	2507	2546	2438	2563	2536	3708	3679	3699	3643	3640	3642
IPT	9784134	2411	2414	2465	2514	2551	2440	2563	2537	3708	3678	3698	3643	3639	3642
IPT	9784308	2409	2411	2467	2516	2550	2442	2564	2536	3708	3679	3699	3643	3639	3641
IPT	9784482	2412	2415	2468	2519	2552	2441	2564	2536	3707	3678	3698	3643	3639	3642
IPT	9784656	2423	2426	2471	2526	2554	2442	2565	2535	3708	3678	3698	3643	3639	3642
IPT	9784830	2431	2432	2473	2531	2555	2442	2564	2534	3707	3679	3699	3643	3639	3642
IPT	9785004	2434	2432	2471	2532	2553	2439	2563	2534	3708	3679	3699	3644	3639	3642
IPT	9785178	2438	2434	2468	2533	2550	2435	2563	2534	3708	3679	3698	3643	3639	3642
IPT	9785353	2437	2430	2470	2530	2551	2435	2562	2534	3708	3679	3699	3643	3640	3642
IPT	9785527	2436	2423	2472	2526	2552	2435	2561	2534	3708	3679	3698	3643	3639	3642
IPT	9785701	2427	2419	2472	2522	2553	2438	2562	2533	3707	3678	3698	3643	3639	3642
IPT	9785875	2414	2415	2467	2518	2551	2436	2562	2534	3707	3678	3698	3643	3639	3642
IPT	9786049	2413	2417	2467	2520	2550	2436	2563	2534	3707	3678	3698	3642	3639	3641
IPT	9786223	2414	2422	2466	2522	2550	2436	2562	2533	3708	3678	3698	3643	3640	3642
IPT	9786397	2417	2423	2463	2522	2549	2436	2561	2533	3708	3679	3699	3643	3640	3642
IPT	9786571	2424	2427	2464	2524	2550	2437	2562	2534	3708	3678	3699	3643	3639	3642
IPT	9786745	2428	2427	2466	2523	2549	2437	2562	2534	3708	3679	3698	3643	3640	3643
IPT	9786919	2429	2426	2462	2523	2549	2435	2561	2533	3708	3679	3699	3643	3640	3642
IPT	9787093	2427	2425	2458	2521	2545	2432	2561	2533	3708	3679	3698	3642	3640	3642
IPT	9787267	2426	2426	2461	2523	2545	2434	2562	2533	3708	3679	3699	3643	3640	3643
IPT	9787441	2427	2422	2461	2522	2549	2437	2563	2535	3708	3679	3699	3643	3640	3642
IPT	9787615	2426	2418	2456	2518	2547	2436	2562	2533	3708	3678	3699	3643	3640	3642
IPT	9787789	2420	2416	2459	2516	2547	2434	2561	2533	3708	3679	3699	3643	3639	3642
IPT	9787963	2416	2415	2459	2518	2549	2436	2561	2533	3707	3679	3698	3643	3639	3642
IPT	9788137	2416	2416	2455	2516	2545	2436	2561	2532	3708	3679	3698	3643	3640	3642
IPT	9788311	2414	2412	2457	2512	2547	2435	2560	2531	3708	3679	3698	3644	3640	3642
IPT	9788485	2404	2401	2454	2505	2547	2435	2560	2531	3708	3679	3699	3643	3640	3643
IPT	9788659	2392	2392	2453	2498	2549	2438	2561	2532	3708	3679	3699	3643	3640	3642
IPT	9788833	2392	2398	2449	2499	2543	2435	2561	2534	3708	3679	3699	3643	3640	3642
IPT	9789007	2400	2404	2452	2502	2543	2435	2561	2535	3708	3679	3699	3644	3640	3642
IPT	9789181	2407	2413	2461	2510	2546	2436	2562	2535	3708	3679	3699	3644	3640	3642
IPT	9789355	2412	2415	2465	2512	2548	2439	2562	2534	3707	3678	3698	3643	3639	3642
