IPT	9662152	2427	2419	2464	2520	2547	2436	2559	2531	3707	3679	3698	3643	3639	3641
IPT	9662326	2430	2413	2462	2514	2548	2435	2559	2532	3707	3678	3698	3642	3638	3642
IPT	9662500	2433	2414	2463	2516	2549	2436	2560	2532	3707	3679	3698	3643	3639	3642
IPT	9662674	2436	2412	2462	2514	2549	2437	2560	2532	3708	3679	3698	3644	3640	3642
IPT	9662848	2430	2406	2460	2510	2548	2436	2560	2531	3707	3678	3698	3642	3639	3642
IPT	9663022	2429	2411	2464	2514	2549	2437	2560	2532	3707	3678	3698	3642	3639	3641
IPT	9663196	2435	2417	2464	2518	2548	2437	2560	2531	3707	3678	3698	3642	3639	3642
IPT	9663370	2438	2417	2468	2521	2549	2437	2561	2531	3708	3679	3698	3643	3639	3642
IPT	9663544	2445	2424	2469	2526	2548	2433	2559	2529	3707	3678	3698	3643	3639	3641
IPT	9663718	2452	2432	2471	2531	2548	2433	2559	2528	3707	3678	3698	3642	3639	3641
IPT	9663892	2458	2439	2475	2535	2550	2435	2559	2529	3707	3678	3698	3642	3639	3641
IPT	9664066	2459	2441	2470	2533	2549	2433	2559	2530	3707	3678	3698	3642	3639	3641
IPT	9664240	2454	2436	2463	2526	2546	2432	2559	2530	3707	3678	3698	3643	3639	3642
IPT	9664414	2445	2434	2466	2528	2545	2430	2558	2530	3707	3678	3698	3643	3639	3642
IPT	9664589	2429	2422	2461	2524	2544	2430	2559	2531	3707	3678	3698	3642	3639	3642
IPT	9664763	2423	2415	2460	2517	2542	2433	2559	2530	3708	3678	3698	3642	3640	3642
IPT	9664937	2418	2412	2456	2506	2540	2429	2559	2530	3707	3678	3698	3643	3639	3641
IPT	9665111	2422	2414	2457	2508	2541	2429	2558	2530	3707	3678	3698	3642	3639	3641
IPT	9665285	2423	2414	2454	2508	2544	2431	2559	2531	3707	3678	3698	3643	3639	3641
IPT	9665459	2425	2414	2453	2509	2541	2429	2558	2529	3707	3678	3698	3643	3639	3641
IPT	9665633	2417	2404	2453	2503	2542	2431	2557	2527	3708	3678	3698	3643	3639	3641
IPT	9665807	2407	2389	2454	2492	2546	2432	2558	2528	3708	3679	3698	3643	3639	3641
IPT	9665981	2406	2389	2450	2491	2546	2435	2559	2531	3707	3678	3698	3642	3639	3641
IPT	9666155	2397	2378	2446	2485	2546	2436	2560	2533	3707	3678	3698	3643	3639	3642
IPT	9666329	2395	2383	2452	2493	2549	2438	2561	2534	3707	3679	3698	3643	3639	3641
IPT	9666504	2396	2385	2453	2493	2549	2439	2560	2534	3707	3678	3698	3643	3639	3642
IPT	9666678	2393	2386	2451	2492	2546	2434	2559	2531	3707	3678	3698	3643	3639	3642
IPT	9666852	2401	2395	2452	2500	2544	2430	2559	2531	3707	3678	3698	3643	3639	3642
IPT	9667026	2408	2398	2450	2499	2540	2429	2558	2531	3707	3678	3698	3643	3639	3642
IPT	9667200	2415	2400	2449	2498	2540	2427	2558	2529	3707	3678	3699	3642	3639	3642
IPT	9667374	2419	2399	2446	2496	2537	2426	2556	2528	3707	3678	3698	3642	3639	3642
IPT	9667548	2419	2398	2447	2497	2538	2429	2558	2530	3707	3678	3698	3643	3639	3642
IPT	9667722	2420	2401	2446	2499	2537	2429	2558	2530	3707	3678	3699	3642	3639	3641
IPT	9667897	2422	2406	2453	2503	2543	2431	2560	2531	3707	3678	3698	3643	3639	3641
IPT	9668071	2420	2411	2462	2508	2546	2433	2560	2532	3708	3678	3698	3643	3639	3641
IPT	9668245	2417	2415	2463	2512	2548	2436	2560	2532	3707	3679	3699	3643	3639	3643
IPT	9668420	2413	2412	2463	2509	2546	2438	2561	2532	3708	3678	3699	3643	3640	3643
IPT	9668594	2409	2404	2461	2509	2545	2437	2560	2532	3708	3679	3698	3643	3639	3642
IPT	9668768	2405	2404	2464	2510	2547	2439	2560	2533	3708	3679	3698	3643	3639	3642
IPT	9668942	2405	2409	2470	2515	2551	2439	2561	2533	3708	3679	3699	3643	3639	3642
IPT	9669116	2409	2413	2473	2520	2552	2441	2561	2532	3706	3678	3698	3642	3638	3641
IPT	9669290	2419	2426	2476	2528	2554	2440	2561	2533	3707	3678	3698	3642	3639	3641
IPT	9669464	2425	2428	2468	2526	2551	2437	2561	2532	3708	3678	3698	3643	3639	3641
IPT	9669638	2421	2416	2460	2517	2545	2434	2559	2531	3707	3678	3698	3643	3639	3642
IPT	9669812	2417	2413	2462	2518	2545	2433	2559	2531	3707	3678	3698	3642	3639	3642
IPT	9669986	2419	2412	2463	2519	2546	2429	2559	2531	3707	3678	3698	3642	3639	3641
IPT	9670160	2411	2398	2463	2518	2546	2431	2560	2532	3707	3678	3698	3643	3639	3641
IPT	9670334	2409	2398	2465	2517	2546	2433	2559	2532	3707	3678	3698	3642	3639	3641
IPT	9670508	2410	2403	2460	2517	2549	2434	2560	2528	3707	3678	3698	3642	3639	3641
IPT	9670682	2408	2402	2455	2513	2548	2435	2559	2527	3707	3678	3699	3643	3639	3642
IPT	9670856	2410	2399	2449	2508	2545	2433	2560	2529	3707	3678	3698	3642	3639	3642
IPT	9671030	2402	2398	2452	2510	2543	2431	2561	2530	3707	3679	3698	3643	3640	3641
IPT	9671204	2392	2398	2449	2509	2543	2428	2559	2530	3707	3678	3698	3642	3639	3641
IPT	9671378	2400	2407	2449	2509	2543	2430	2560	2531	3707	3678	3698	3642	3639	3642
IPT	9671552	2405	2407	2452	2505	2545	2431	2560	2531	3707	3678	3698	3643	3639	3642
IPT	9671727	2405	2402	2447	2497	2544	2430	2559	2530	3707	3678	3698	3643	3639	3641
IPT	9671901	2410	2402	2439	2494	2537	2423	2556	2524	3707	3678	3698	3643	3639	3641
IPT	9672075	2400	2386	2418	2479	2525	2417	2552	2525	3708	3678	3698	3643	3639	3642
IPT	9672249	2389	2371	2408	2467	2514	2411	2552	2528	3707	3678	3698	3642	3639	3641
IPT	9672423	2391	2376	2410	2465	2512	2414	2554	2529	3707	3678	3698	3643	3639	3641
IPT	9672597	2388	2377	2418	2469	2516	2420	2556	2530	3707	3678	3698	3642	3639	3641
IPT	9672771	2389	2380	2429	2477	2522	2423	2557	2529	3707	3678	3698	3643	3639	3642
IPT	9672945	2393	2388	2441	2488	2528	2424	2557	2529	3707	3679	3699	3643	3640	3642
IPT	9673119	2390	2395	2447	2495	2533	2428	2557	2528	3708	3679	3699	3644	3640	3643
IPT	9673293	2390	2399	2452	2499	2538	2428	2556	2528	3707	3678	3698	3643	3639	3641
IPT	9673467	2393	2402	2450	2498	2537	2426	2556	2527	3707	3679	3698	3643	3639	3642
IPT	9673641	2396	2398	2447	2493	2536	2424	2557	2528	3708	3679	3698	3642	3639	3641
IPT	9673815	2408	2405	2451	2499	2539	2429	2557	2530	3707	3679	3698	3643	3639	3642
IPT	9673989	2415	2415	2459	2509	2543	2433	2558	2530	3708	3678	3698	3643	3639	3642
IPT	9674164	2414	2418	2463	2511	2545	2432	2558	2531	3707	3678	3698	3643	3639	3642
IPT	9674338	2396	2408	2458	2505	2545	2434	2559	2532	3707	3678	3698	3643	3639	3642
IPT	9674512	2384	2400	2449	2494	2542	2432	2559	2533	3707	3678	3698	3643	3639	3641
IPT	9674686	2383	2390	2444	2486	2541	2435	2560	2535	3707	3679	3698	3643	3639	3641
IPT	9674860	2384	2392	2447	2491	2541	2434	2560	2534	3707	3678	3698	3643	3639	3641
IPT	9675034	2399	2406	2454	2501	2544	2436	2559	2534	3708	3678	3699	3643	3639	3642
IPT	9675208	2408	2417	2461	2510	2547	2439	2561	2534	3707	3678	3698	3642	3639	3642
IPT	9675382	2411	2423	2467	2516	2548	2440	2560	2533	3707	3678	3698	3643	3639	3642
IPT	9675556	2410	2422	2467	2520	2548	2436	2560	2532	3708	3678	3698	3643	3639	3642
IPT	9675730	2416	2421	2460	2520	2544	2435	2559	2532	3707	3678	3698	3642	3639	3641
IPT	9675904	2417	2416	2455	2514	2540	2430	2559	2531	3707	3678	3698	3643	3639	3641
IPT	9676078	2410	2408	2455	2513	2541	2430	2559	2531	3707	3678	3698	3643	3639	3642
IPT	9676252	2403	2398	2455	2508	2541	2426	2558	2530	3707	3679	3698	3643	3639	3642
IPT	9676426	2395	2390	2451	2500	2540	2426	2557	2529	3708	3679	3699	3643	3639	3642
IPT	9676600	2397	2390	2456	2497	2539	2427	2557	2528	3707	3679	3699	3643	3640	3642
IPT	9676774	2398	2389	2457	2495	2540	2428	2557	2529	3708	3679	3699	3644	3639	3642
IPT	9676948	2404	2397	2463	2501	2542	2430	2558	2529	3708	3679	3699	3643	3639	3642
IPT	9677122	2410	2402	2470	2507	2546	2430	2558	2530	3708	3679	3699	3643	3640	3643
IPT	9677296	2408	2394	2461	2500	2544	2432	2558	2530	3707	3678	3698	3642	3639	3641
IPT	9677470	2404	2392	2454	2496	2539	2426	2556	2529	3707	3678	3698	3642	3639	3642
IPT	9677644	2407	2396	2449	2498	2534	2422	2555	2530	3707	3678	3698	3643	3639	3641
IPT	9677818	2413	2402	2451	2500	2535	2425	2557	2531	3708	3678	3698	3643	3639	3641
IPT	9677992	2412	2395	2444	2491	2533	2428	2557	2532	3707	3678	3699	3642	3639	3641
IPT	9678166	2404	2378	2432	2478	2527	2427	2557	2532	3707	3678	3698	3642	3639	3642
IPT	9678340	2398	2369	2424	2467	2523	2422	2556	2532	3707	3678	3698	3642	3639	3641
IPT	9678514	2403	2370	2420	2462	2521	2415	2555	2531	3707	3678	3698	3643	3639	3642
IPT	9678689	2407	2374	2427	2469	2526	2418	2555	2531	3708	3679	3699	3643	3639	3642
IPT	9678863	2405	2379	2434	2474	2529	2421	2557	2532	3708	3679	3698	3643	3640	3642
IPT	9679037	2405	2385	2444	2480	2533	2423	2557	2532	3707	3678	3698	3642	3639	3641
IPT	9679211	2398	2382	2448	2483	2538	2429	2558	2533	3707	3678	3698	3642	3639	3642
IPT	9679386	2397	2386	2453	2491	2540	2430	2558	2532	3708	3679	3698	3643	3639	3641
IPT	9679560	2402	2394	2462	2500	2545	2434	2559	2535	3708	3678	3698	3642	3639	3642
IPT	9679734	2406	2401	2461	2506	2547	2431	2559	2531	3707	3678	3698	3643	3639	3642
IPT	9679909	2411	2401	2450	2502	2542	2430	2559	2531	3708	3679	3699	3643	3640	3642
IPT	9680083	2408	2395	2444	2494	2540	2428	2558	2529	3708	3679	3698	3643	3639	3642
IPT	9680257	2406	2389	2437	2487	2541	2428	2558	2531	3708	3679	3698	3643	3640	3642
IPT	9680432	2406	2386	2435	2481	2538	2429	2558	2531	3708	3679	3699	3643	3640	3642
IPT	9680606	2409	2386	2446	2484	2541	2432	2559	2533	3708	3679	3699	3643	3640	3642
IPT	9680781	2401	2374	2444	2484	2540	2434	2559	2532	3708	3679	3698	3643	3639	3642
IPT	9680955	2395	2368	2438	2481	2540	2436	2559	2531	3708	3679	3699	3643	3640	3642
IPT	9681130	2386	2368	2430	2480	2538	2428	2559	2531	3708	3679	3699	3644	3640	3642
IPT	9681305	2382	2373	2427	2481	2529	2423	2558	2529	3708	3679	3698	3644	3640	3642
IPT	9681479	2387	2379	2426	2482	2520	2414	2557	2529	3707	3678	3698	3643	3639	3641
IPT	9681653	2391	2378	2431	2482	2519	2413	2557	2529	3708	3679	3698	3643	3640	3642
IPT	9681828	2396	2387	2442	2492	2524	2418	2557	2528	3707	3678	3698	3644	3640	3641
IPT	9682003	2403	2400	2447	2499	2526	2421	2556	2527	3707	3678	3699	3642	3639	3642
IPT	9682177	2411	2408	2453	2507	2533	2423	2557	2529	3708	3679	3699	3643	3639	3642
IPT	9682352	2416	2412	2449	2509	2534	2424	2557	2532	3708	3679	3699	3643	3640	3642
IPT	9682526	2415	2410	2440	2504	2533	2428	2557	2530	3708	3679	3699	3643	3639	3642
IPT	9682701	2406	2393	2426	2483	2533	2431	2558	2531	3707	3678	3699	3643	3639	3642
IPT	9682875	2398	2386	2422	2479	2531	2430	2558	2530	3708	3679	3698	3643	3639	3642
IPT	9683050	2400	2386	2423	2482	2528	2429	2558	2531	3709	3679	3699	3644	3640	3642
IPT	9683224	2405	2394	2432	2490	2529	2428	2558	2529	3708	3679	3699	3643	3640	3642
IPT	9683398	2406	2391	2422	2486	2526	2424	2557	2528	3708	3678	3699	3643	3639	3642
IPT	9683573	2406	2386	2423	2486	2524	2421	2556	2529	3708	3679	3699	3643	3639	3642
IPT	9683747	2407	2389	2436	2494	2530	2424	2557	2531	3708	3678	3699	3644	3640	3642
IPT	9683921	2412	2401	2447	2505	2536	2429	2558	2532	3708	3679	3698	3643	3640	3642
IPT	9684096	2422	2412	2454	2512	2540	2430	2559	2534	3708	3679	3698	3643	3639	3642
IPT	9684270	2427	2416	2456	2514	2543	2434	2560	2535	3708	3679	3699	3643	3640	3642
IPT	9684445	2433	2422	2455	2516	2544	2433	2560	2535	3708	3678	3698	3643	3639	3642
IPT	9684619	2430	2419	2444	2510	2539	2435	2561	2534	3708	3679	3698	3643	3640	3641
IPT	9684793	2418	2411	2442	2504	2536	2433	2560	2532	3708	3679	3699	3643	3639	3642
IPT	9684967	2411	2412	2443	2505	2536	2430	2559	2530	3708	3679	3699	3643	3639	3642
IPT	9685142	2414	2413	2444	2505	2537	2430	2558	2530	3707	3679	3699	3643	3639	3642
IPT	9685316	2420	2416	2449	2509	2540	2431	2558	2531	3708	3678	3698	3643	3639	3642
IPT	9685490	2423	2421	2458	2515	2542	2432	2559	2532	3708	3679	3699	3643	3640	3641
IPT	9685665	2422	2420	2455	2516	2544	2433	2559	2533	3708	3678	3698	3643	3640	3641
IPT	9685839	2424	2418	2449	2512	2542	2437	2560	2533	3707	3678	3698	3643	3639	3642
IPT	9686013	2424	2415	2446	2510	2539	2433	2559	2529	3708	3678	3698	3643	3639	3641
IPT	9686188	2420	2403	2449	2505	2540	2434	2559	2528	3708	3678	3698	3642	3639	3642
IPT	9686362	2420	2405	2449	2508	2540	2435	2559	2529	3707	3679	3699	3643	3639	3642
IPT	9686536	2423	2410	2450	2510	2537	2436	2559	2531	3707	3679	3699	3643	3640	3642
IPT	9686711	2422	2404	2448	2507	2537	2436	2560	2533	3708	3679	3698	3643	3640	3642
IPT	9686885	2418	2391	2447	2498	2538	2433	2559	2530	3708	3679	3699	3644	3640	3642
IPT	9687060	2408	2382	2450	2490	2542	2433	2559	2528	3708	3679	3699	3643	3640	3642
IPT	9687234	2411	2391	2452	2497	2544	2434	2559	2530	3708	3679	3698	3644	3639	3642
IPT	9687409	2408	2397	2450	2501	2540	2432	2559	2528	3708	3679	3699	3643	3640	3643
IPT	9687583	2404	2397	2452	2503	2539	2433	2559	2528	3708	3678	3698	3643	3639	3642
IPT	9687758	2395	2387	2450	2500	2538	2437	2559	2528	3707	3678	3698	3643	3639	3642
IPT	9687933	2390	2389	2456	2505	2539	2434	2559	2526	3708	3678	3698	3643	3640	3642
IPT	9688107	2391	2388	2451	2503	2539	2435	2559	2527	3708	3679	3698	3643	3640	3642
IPT	9688281	2401	2395	2456	2507	2542	2436	2558	2527	3708	3678	3698	3643	3640	3642
IPT	9688456	2411	2402	2457	2507	2540	2433	2557	2526	3708	3679	3698	3643	3640	3642
IPT	9688630	2410	2397	2465	2507	2543	2434	2558	2527	3708	3679	3699	3643	3640	3642
IPT	9688804	2399	2388	2466	2505	2545	2433	2558	2527	3707	3678	3699	3643	3640	3642
IPT	9688979	2392	2385	2465	2505	2546	2434	2558	2529	3707	3678	3699	3642	3639	3642
IPT	9689153	2397	2394	2468	2509	2547	2435	2558	2529	3707	3678	3698	3642	3639	3642
IPT	9689328	2404	2400	2465	2511	2548	2433	2557	2527	3708	3678	3698	3643	3639	3642
IPT	9689502	2401	2395	2456	2503	2544	2431	2557	2527	3707	3678	3699	3643	3640	3642
IPT	9689676	2392	2384	2448	2492	2540	2426	2555	2527	3708	3679	3699	3643	3639	3642
IPT	9689851	2385	2377	2438	2483	2533	2422	2553	2526	3708	3679	3699	3643	3639	3643
IPT	9690025	2377	2374	2445	2486	2533	2423	2554	2527	3707	3679	3699	3643	3640	3642
IPT	9690199	2371	2379	2442	2492	2535	2424	2555	2528	3708	3679	3698	3644	3640	3642
IPT	9690374	2366	2374	2430	2483	2531	2422	2556	2530	3708	3679	3699	3644	3640	3642
IPT	9690548	2364	2372	2435	2480	2530	2420	2555	2530	3707	3678	3698	3643	3639	3642
IPT	9690722	2368	2373	2441	2481	2535	2423	2555	2530	3708	3679	3699	3643	3640	3642
IPT	9690897	2373	2377	2443	2483	2536	2423	2556	2530	3708	3679	3698	3643	3640	3643
IPT	9691071	2379	2380	2441	2484	2534	2422	2555	2529	3708	3678	3698	3643	3639	3642
IPT	9691246	2383	2387	2442	2490	2534	2421	2556	2529	3708	3679	3699	3643	3640	3642
IPT	9691420	2389	2397	2442	2497	2529	2417	2556	2530	3708	3679	3699	3643	3640	3642
IPT	9691595	2396	2403	2445	2503	2530	2416	2556	2529	3708	3679	3699	3644	3640	3642
IPT	9691769	2399	2401	2443	2500	2529	2416	2555	2530	3707	3679	3698	3643	3639	3642
IPT	9691944	2398	2396	2437	2497	2524	2418	2555	2530	3708	3679	3699	3643	3639	3642
IPT	9692118	2386	2390	2444	2499	2528	2422	2556	2530	3708	3679	3699	3643	3640	3642
IPT	9692293	2390	2401	2447	2506	2529	2420	2556	2530	3708	3678	3699	3643	3640	3642
IPT	9692467	2395	2402	2441	2502	2527	2416	2554	2530	3707	3678	3699	3642	3639	3642
IPT	9692642	2394	2395	2431	2497	2525	2418	2555	2531	3708	3679	3698	3643	3639	3641
IPT	9692817	2388	2386	2430	2487	2524	2422	2556	2532	3707	3678	3698	3642	3639	3642
IPT	9692991	2392	2386	2436	2488	2529	2424	2557	2533	3708	3679	3698	3643	3639	3642
IPT	9693165	2385	2371	2435	2482	2529	2424	2558	2533	3708	3679	3699	3643	3639	3642
IPT	9693340	2379	2360	2436	2480	2530	2426	2558	2533	3708	3678	3698	3642	3639	3641
IPT	9693514	2376	2364	2438	2483	2532	2426	2558	2532	3708	3679	3698	3643	3640	3641
IPT	9693688	2385	2373	2429	2481	2530	2425	2558	2532	3707	3678	3698	3643	3639	3641
IPT	9693863	2386	2372	2428	2479	2532	2425	2558	2531	3708	3679	3699	3643	3639	3642
IPT	9694037	2397	2384	2438	2486	2535	2429	2558	2532	3708	3679	3699	3643	3640	3642
IPT	9694211	2409	2401	2447	2498	2539	2432	2560	2534	3708	3679	3699	3643	3639	3642
IPT	9694386	2418	2408	2450	2503	2542	2433	2560	2534	3708	3679	3699	3644	3640	3642
IPT	9694560	2423	2413	2453	2506	2541	2429	2558	2530	3707	3679	3699	3643	3640	3643
IPT	9694734	2420	2412	2448	2500	2538	2425	2556	2528	3708	3679	3699	3643	3640	3642
IPT	9694909	2419	2404	2446	2491	2534	2424	2556	2527	3708	3679	3699	3643	3640	3642
IPT	9695083	2426	2411	2452	2498	2537	2428	2556	2529	3708	3679	3699	3643	3640	3641
IPT	9695257	2429	2416	2459	2507	2544	2434	2558	2532	3708	3679	3699	3643	3640	3642
IPT	9695431	2421	2411	2459	2510	2544	2434	2558	2530	3709	3679	3699	3644	3640	3643
IPT	9695605	2414	2402	2462	2511	2546	2432	2557	2531	3708	3679	3699	3643	3640	3642
IPT	9695780	2410	2402	2468	2510	2548	2434	2558	2531	3708	3679	3698	3643	3639	3642
IPT	9695954	2415	2413	2476	2518	2549	2436	2559	2533	3707	3679	3698	3643	3640	3641
IPT	9696128	2420	2421	2476	2523	2549	2438	2560	2533	3707	3678	3698	3643	3639	3642
IPT	9696302	2424	2421	2462	2518	2546	2436	2560	2534	3708	3679	3699	3643	3639	3642
IPT	9696477	2425	2415	2460	2514	2546	2434	2560	2534	3707	3678	3698	3643	3639	3642
IPT	9696651	2423	2412	2464	2517	2549	2439	2560	2535	3708	3679	3698	3644	3639	3642
IPT	9696825	2420	2414	2467	2519	2549	2437	2560	2535	3708	3679	3699	3643	3639	3642
IPT	9697000	2417	2410	2461	2516	2546	2440	2561	2533	3708	3679	3699	3643	3640	3642
IPT	9697174	2413	2405	2453	2513	2546	2440	2561	2533	3708	3679	3698	3643	3640	3642
IPT	9697348	2410	2398	2449	2510	2543	2435	2560	2533	3708	3679	3698	3643	3639	3642
IPT	9697523	2397	2394	2454	2513	2545	2435	2559	2532	3708	3679	3699	3643	3640	3642
IPT	9697697	2405	2401	2460	2516	2545	2435	2560	2531	3708	3679	3698	3643	3639	3643
IPT	9697871	2414	2413	2467	2523	2546	2436	2560	2533	3708	3679	3699	3643	3639	3643
IPT	9698046	2424	2421	2470	2527	2549	2439	2560	2533	3708	3679	3698	3643	3640	3642
IPT	9698220	2430	2419	2465	2525	2547	2437	2559	2532	3708	3679	3698	3643	3639	3641
IPT	9698394	2438	2425	2466	2528	2547	2438	2560	2532	3708	3679	3698	3644	3640	3643
IPT	9698569	2445	2431	2466	2532	2546	2434	2560	2531	3708	3679	3699	3644	3640	3643
IPT	9698743	2448	2433	2466	2530	2546	2433	2560	2532	3708	3678	3699	3643	3640	3642
IPT	9698917	2444	2427	2458	2520	2544	2434	2560	2532	3708	3679	3698	3644	3639	3642
IPT	9699092	2437	2418	2454	2512	2542	2436	2561	2532	3707	3678	3698	3643	3639	3641
IPT	9699266	2430	2411	2447	2505	2539	2433	2560	2531	3708	3679	3699	3643	3640	3642
IPT	9699441	2422	2398	2425	2485	2525	2420	2557	2529	3708	3679	3699	3643	3639	3642
IPT	9699615	2416	2385	2421	2474	2523	2418	2557	2531	3708	3679	3699	3643	3639	3642
IPT	9699790	2410	2383	2426	2476	2528	2420	2557	2532	3708	3678	3698	3643	3639	3642
IPT	9699964	2416	2396	2437	2486	2533	2424	2558	2533	3708	3679	3698	3643	3639	3642
IPT	9700138	2416	2394	2438	2486	2531	2426	2558	2533	3708	3678	3698	3643	3639	3642
IPT	9700313	2416	2391	2442	2488	2534	2427	2558	2533	3708	3679	3698	3644	3640	3643
IPT	9700487	2413	2384	2444	2487	2537	2431	2559	2531	3707	3679	3698	3643	3639	3642
IPT	9700661	2418	2394	2451	2497	2538	2430	2559	2531	3707	3678	3698	3643	3639	3642
IPT	9700836	2423	2402	2452	2500	2539	2429	2559	2531	3707	3678	3699	3643	3639	3642
IPT	9701010	2429	2406	2456	2502	2541	2431	2559	2531	3708	3679	3699	3643	3640	3642
IPT	9701184	2424	2412	2462	2508	2544	2435	2560	2531	3708	3679	3699	3642	3639	3642
IPT	9701359	2421	2415	2465	2513	2546	2434	2559	2530	3708	3678	3699	3642	3640	3642
IPT	9701533	2424	2426	2473	2522	2548	2435	2559	2531	3707	3679	3698	3643	3640	3642
IPT	9701707	2427	2428	2467	2522	2549	2436	2560	2533	3708	3678	3698	3643	3639	3642
IPT	9701882	2421	2421	2458	2515	2548	2432	2559	2531	3707	3679	3699	3642	3639	3642
IPT	9702056	2413	2410	2448	2506	2539	2426	2557	2529	3707	3679	3698	3643	3639	3642
IPT	9702231	2407	2398	2446	2498	2536	2422	2557	2530	3707	3678	3698	3642	3639	3641
IPT	9702405	2400	2391	2445	2497	2532	2422	2556	2530	3707	3678	3698	3643	3639	3641
IPT	9702580	2399	2387	2447	2497	2533	2423	2556	2528	3708	3679	3699	3643	3639	3642
IPT	9702754	2404	2394	2451	2504	2534	2423	2555	2526	3708	3679	3699	3642	3640	3641
IPT	9702929	2413	2404	2456	2509	2536	2423	2554	2526	3708	3679	3698	3643	3639	3642
IPT	9703103	2416	2400	2456	2504	2533	2419	2554	2528	3708	3679	3698	3643	3640	3642
IPT	9703277	2414	2394	2448	2497	2527	2414	2554	2529	3708	3679	3698	3643	3640	3641
IPT	9703452	2412	2398	2454	2502	2533	2422	2556	2531	3708	3679	3699	3643	3640	3642
IPT	9703626	2404	2396	2463	2507	2537	2427	2557	2531	3708	3679	3699	3644	3640	3642
IPT	9703801	2397	2395	2463	2510	2539	2426	2556	2529	3708	3679	3699	3643	3640	3643
IPT	9703975	2399	2398	2453	2509	2535	2422	2555	2527	3708	3678	3698	3644	3640	3642
IPT	9704150	2404	2406	2451	2510	2534	2423	2555	2528	3708	3678	3698	3643	3640	3642
IPT	9704324	2411	2410	2456	2512	2539	2425	2555	2528	3708	3679	3698	3643	3639	3642
IPT	9704499	2412	2407	2456	2510	2539	2427	2556	2529	3708	3679	3698	3643	3640	3643
IPT	9704673	2404	2401	2453	2508	2540	2430	2557	2530	3707	3678	3698	3643	3639	3641
IPT	9704847	2395	2399	2457	2509	2545	2435	2559	2533	3707	3679	3698	3643	3640	3642
IPT	9705021	2393	2399	2452	2507	2545	2433	2559	2532	3708	3679	3698	3643	3639	3643
IPT	9705196	2398	2401	2444	2501	2540	2430	2557	2529	3707	3679	3698	3643	3639	3642
IPT	9705370	2404	2406	2441	2501	2537	2426	2557	2527	3707	3679	3699	3643	3639	3642
IPT	9705545	2403	2401	2436	2491	2534	2422	2555	2523	3707	3678	3698	3643	3639	3641
IPT	9705719	2398	2393	2433	2479	2532	2421	2553	2524	3707	3678	3698	3642	3639	3642
IPT	9705893	2399	2395	2441	2485	2531	2421	2553	2523	3707	3678	3698	3642	3639	3641
IPT	9706068	2392	2391	2447	2490	2533	2424	2553	2524	3707	3678	3698	3642	3638	3641
IPT	9706242	2391	2391	2454	2496	2538	2425	2554	2526	3707	3678	3698	3643	3639	3641
IPT	9706417	2400	2403	2458	2507	2542	2430	2555	2527	3707	3678	3698	3643	3639	3641
IPT	9706591	2411	2412	2454	2509	2542	2431	2557	2530	3707	3678	3698	3643	3639	3642
IPT	9706766	2416	2414	2461	2514	2545	2433	2558	2532	3708	3678	3698	3643	3639	3642
IPT	9706940	2421	2419	2465	2518	2548	2436	2559	2533	3708	3679	3698	3643	3640	3642
IPT	9707114	2421	2413	2457	2511	2547	2439	2560	2532	3708	3679	3699	3643	3640	3642
IPT	9707289	2418	2410	2457	2512	2545	2438	2560	2532	3708	3679	3698	3643	3640	3642
IPT	9707464	2413	2408	2455	2511	2544	2436	2560	2533	3708	3678	3698	3643	3639	3642
IPT	9707638	2399	2395	2446	2502	2543	2435	2560	2534	3707	3679	3698	3643	3639	3642
IPT	9707812	2392	2386	2446	2499	2543	2436	2560	2533	3707	3678	3698	3643	3639	3641
IPT	9707987	2400	2394	2456	2508	2546	2436	2561	2534	3707	3678	3698	3643	3639	3641
IPT	9708161	2402	2394	2454	2508	2547	2438	2561	2535	3707	3679	3699	3642	3640	3642
IPT	9708336	2391	2389	2458	2510	2547	2438	2561	2534	3707	3678	3698	3643	3639	3641
IPT	9708510	2389	2386	2456	2511	2547	2437	2561	2533	3707	3678	3698	3643	3639	3641
IPT	9708684	2388	2384	2457	2508	2545	2434	2560	2531	3707	3678	3698	3642	3639	3642
IPT	9708859	2384	2380	2458	2504	2548	2435	2560	2530	3707	3678	3698	3643	3639	3642
IPT	9709033	2380	2373	2451	2495	2548	2435	2560	2530	3707	3678	3698	3642	3639	3641
IPT	9709207	2380	2376	2449	2494	2547	2436	2559	2530	3707	3679	3698	3643	3639	3641
IPT	9709381	2382	2379	2449	2494	2548	2437	2559	2530	3708	3678	3698	3643	3639	3641
IPT	9709555	2381	2384	2448	2494	2547	2436	2559	2529	3707	3679	3698	3643	3639	3642
IPT	9709730	2384	2390	2450	2498	2546	2431	2558	2528	3707	3678	3699	3643	3639	3641
IPT	9709904	2384	2382	2444	2489	2543	2428	2558	2527	3708	3679	3698	3643	3639	3642
IPT	9710078	2377	2369	2439	2482	2542	2429	2558	2527	3707	3678	3698	3643	3639	3641
IPT	9710253	2368	2368	2440	2484	2544	2433	2559	2530	3708	3679	3699	3643	3639	3642
IPT	9710427	2367	2371	2445	2486	2545	2435	2559	2531	3708	3679	3698	3643	3640	3642
IPT	9710601	2374	2380	2453	2495	2548	2434	2561	2532	3708	3679	3698	3643	3640	3642
IPT	9710775	2393	2401	2464	2510	2551	2439	2560	2533	3707	3679	3698	3643	3639	3641
IPT	9710950	2408	2419	2473	2523	2553	2439	2560	2533	3708	3679	3698	3643	3639	3642
IPT	9711124	2414	2422	2474	2524	2552	2438	2560	2533	3707	3678	3699	3643	3639	3642
IPT	9711299	2409	2422	2470	2524	2550	2438	2561	2533	3707	3679	3698	3643	3639	3641
IPT	9711473	2409	2420	2469	2524	2548	2438	2561	2533	3707	3679	3699	3643	3640	3642
IPT	9711647	2410	2418	2462	2521	2547	2437	2561	2533	3707	3679	3698	3643	3639	3642
IPT	9711822	2408	2410	2446	2511	2540	2430	2559	2529	3707	3678	3699	3643	3639	3641
IPT	9711996	2404	2400	2442	2506	2533	2426	2558	2528	3708	3678	3698	3643	3639	3642
IPT	9712170	2405	2400	2450	2509	2536	2425	2557	2530	3708	3678	3699	3643	3640	3642
IPT	9712345	2413	2410	2456	2515	2541	2428	2558	2531	3708	3679	3699	3643	3640	3642
IPT	9712519	2408	2407	2448	2510	2541	2432	2559	2534	3708	3678	3699	3643	3640	3642
IPT	9712694	2396	2387	2434	2496	2533	2426	2559	2534	3708	3679	3699	3643	3639	3642
IPT	9712868	2384	2377	2427	2488	2531	2420	2558	2531	3707	3678	3698	3643	3639	3642
IPT	9713042	2380	2375	2434	2490	2533	2422	2558	2530	3707	3678	3699	3643	3639	3641
IPT	9713217	2387	2383	2438	2494	2534	2421	2556	2527	3708	3679	3699	3643	3640	3642
IPT	9713391	2388	2385	2436	2492	2531	2421	2554	2525	3708	3679	3698	3643	3640	3642
IPT	9713566	2381	2383	2438	2489	2533	2426	2556	2528	3708	3680	3699	3643	3640	3643
IPT	9713740	2377	2381	2447	2490	2538	2429	2557	2530	3708	3679	3699	3643	3640	3642
IPT	9713915	2381	2385	2452	2495	2543	2433	2558	2532	3708	3679	3699	3643	3640	3642
IPT	9714089	2392	2401	2460	2507	2546	2434	2558	2532	3708	3679	3699	3643	3640	3643
IPT	9714263	2407	2412	2466	2513	2547	2435	2559	2532	3708	3679	3699	3644	3640	3642
IPT	9714438	2417	2420	2471	2519	2550	2438	2559	2533	3708	3679	3698	3644	3640	3642
IPT	9714612	2425	2423	2471	2522	2551	2439	2560	2534	3708	3678	3699	3643	3640	3643
IPT	9714786	2432	2427	2471	2526	2550	2439	2561	2533	3708	3679	3698	3643	3639	3642
IPT	9714960	2434	2430	2472	2527	2551	2439	2561	2533	3707	3678	3698	3643	3639	3642
IPT	9715135	2427	2429	2471	2527	2552	2439	2562	2534	3708	3678	3699	3643	3640	3642
IPT	9715309	2417	2421	2468	2523	2551	2440	2562	2534	3707	3679	3698	3643	3639	3642
IPT	9715484	2407	2405	2453	2511	2544	2430	2559	2529	3707	3679	3698	3642	3639	3642
IPT	9715658	2399	2393	2453	2507	2543	2427	2557	2528	3707	3678	3698	3643	3639	3642
IPT	9715832	2396	2390	2457	2503	2547	2432	2558	2529	3707	3678	3698	3643	3640	3642
IPT	9716007	2404	2400	2465	2513	2548	2431	2559	2531	3708	3678	3699	3643	3639	3641
IPT	9716181	2416	2416	2474	2524	2552	2434	2560	2532	3708	3679	3698	3643	3640	3642
IPT	9716356	2428	2426	2481	2532	2553	2435	2559	2532	3708	3679	3698	3643	3640	3641
IPT	9716530	2434	2435	2482	2538	2555	2437	2560	2532	3708	3679	3698	3643	3639	3642
IPT	9716705	2436	2441	2479	2539	2553	2436	2560	2531	3707	3678	3698	3643	3639	3642
IPT	9716879	2440	2441	2476	2537	2550	2435	2560	2531	3707	3678	3699	3642	3639	3641
IPT	9717054	2440	2436	2472	2532	2550	2436	2561	2532	3707	3678	3698	3642	3639	3641
IPT	9717228	2437	2428	2472	2529	2550	2437	2561	2532	3706	3678	3698	3642	3638	3641
IPT	9717403	2440	2431	2473	2533	2550	2433	2559	2530	3707	3678	3698	3642	3639	3641
IPT	9717578	2441	2432	2474	2535	2551	2433	2560	2531	3707	3678	3698	3642	3639	3641
IPT	9717752	2429	2423	2470	2525	2549	2435	2560	2533	3707	3678	3698	3642	3639	3641
IPT	9717927	2426	2427	2472	2526	2552	2438	2561	2534	3708	3679	3699	3643	3640	3642
IPT	9718101	2431	2426	2466	2524	2552	2438	2561	2533	3708	3679	3698	3643	3640	3642
IPT	9718275	2433	2427	2459	2521	2550	2440	2561	2533	3708	3678	3698	3643	3640	3642
IPT	9718450	2440	2431	2461	2524	2549	2438	2561	2532	3707	3679	3698	3643	3639	3642
IPT	9718624	2442	2426	2452	2518	2543	2434	2559	2530	3708	3679	3699	3643	3639	3642
IPT	9718798	2434	2415	2450	2510	2542	2434	2559	2529	3708	3679	3698	3643	3640	3643
IPT	9718973	2421	2399	2454	2504	2539	2428	2558	2530	3708	3679	3699	3643	3639	3642
IPT	9719147	2416	2402	2459	2507	2540	2431	2559	2532	3708	3679	3699	3643	3640	3643
IPT	9719322	2417	2409	2460	2510	2543	2432	2560	2534	3708	3679	3698	3644	3640	3642
IPT	9719496	2409	2397	2460	2505	2546	2435	2561	2534	3708	3679	3699	3643	3640	3643
IPT	9719671	2408	2398	2461	2506	2547	2436	2561	2534	3708	3679	3699	3643	3639	3641
IPT	9719845	2414	2406	2461	2510	2548	2437	2560	2531	3708	3678	3699	3643	3639	3642
IPT	9720020	2421	2412	2459	2512	2547	2435	2559	2530	3708	3679	3699	3643	3640	3642
IPT	9720194	2424	2415	2451	2509	2542	2433	2559	2530	3708	3679	3699	3643	3640	3642
IPT	9720368	2426	2415	2449	2508	2540	2427	2558	2526	3708	3679	3699	3643	3639	3642
IPT	9720543	2429	2420	2457	2513	2542	2429	2558	2527	3707	3679	3698	3643	3639	3642
IPT	9720717	2432	2423	2459	2514	2541	2431	2558	2528	3708	3679	3698	3643	3639	3642
IPT	9720892	2423	2407	2451	2503	2539	2429	2558	2529	3707	3679	3698	3643	3639	3642
IPT	9721066	2411	2397	2455	2500	2542	2432	2559	2530	3708	3679	3699	3642	3639	3642
IPT	9721241	2403	2395	2457	2505	2543	2434	2559	2529	3708	3679	3698	3643	3639	3642
IPT	9721416	2399	2396	2457	2509	2543	2434	2559	2529	3707	3679	3698	3643	3639	3642
IPT	9721590	2399	2397	2453	2508	2541	2430	2558	2531	3708	3678	3698	3643	3639	3642
IPT	9721765	2401	2397	2454	2509	2542	2429	2558	2532	3707	3679	3698	3643	3639	3642
IPT	9721939	2401	2395	2449	2502	2542	2433	2559	2533	3707	3678	3698	3643	3639	3642
IPT	9722114	2397	2394	2451	2501	2543	2434	2559	2533	3708	3679	3698	3643	3640	3642
