IPT	9326075	2291	2323	2421	2443	2522	2422	2557	2532	3707	3677	3698	3642	3638	3641
IPT	9326248	2285	2319	2413	2438	2520	2423	2558	2533	3707	3678	3699	3643	3639	3642
IPT	9326422	2284	2316	2404	2433	2517	2424	2558	2531	3707	3678	3698	3643	3638	3641
IPT	9326596	2292	2320	2402	2436	2515	2418	2555	2527	3707	3678	3698	3642	3639	3641
IPT	9326770	2285	2310	2393	2431	2511	2416	2553	2526	3706	3678	3698	3642	3639	3641
IPT	9326944	2271	2301	2396	2430	2512	2419	2554	2529	3706	3678	3698	3642	3639	3642
IPT	9327118	2279	2317	2405	2442	2514	2418	2554	2530	3707	3677	3698	3642	3638	3642
IPT	9327292	2292	2326	2409	2449	2515	2417	2554	2532	3706	3677	3698	3642	3639	3641
IPT	9327466	2299	2332	2412	2450	2515	2418	2554	2534	3706	3678	3697	3642	3639	3641
IPT	9327640	2298	2314	2407	2429	2515	2422	2556	2535	3707	3678	3698	3643	3639	3641
IPT	9327814	2301	2313	2410	2432	2516	2421	2556	2535	3707	3678	3698	3643	3639	3642
IPT	9327988	2317	2332	2419	2449	2517	2421	2555	2535	3707	3678	3699	3642	3639	3641
IPT	9328162	2339	2360	2434	2470	2525	2425	2557	2537	3707	3678	3698	3643	3639	3642
IPT	9328336	2351	2373	2441	2481	2529	2427	2558	2536	3707	3679	3698	3643	3639	3642
IPT	9328510	2351	2373	2434	2481	2524	2422	2556	2532	3707	3678	3698	3643	3639	3642
IPT	9328684	2351	2373	2440	2483	2524	2421	2556	2532	3707	3678	3698	3642	3639	3641
IPT	9328858	2351	2380	2447	2493	2531	2425	2556	2532	3707	3678	3698	3643	3639	3642
IPT	9329032	2352	2378	2440	2491	2529	2425	2556	2530	3707	3678	3698	3643	3639	3642
IPT	9329206	2351	2367	2439	2486	2532	2429	2556	2530	3707	3678	3698	3642	3638	3641
IPT	9329380	2340	2352	2428	2474	2533	2428	2557	2530	3707	3678	3698	3643	3639	3642
IPT	9329554	2329	2336	2414	2455	2524	2421	2556	2530	3707	3678	3698	3642	3639	3642
IPT	9329729	2328	2338	2414	2457	2524	2422	2556	2527	3707	3678	3697	3642	3638	3641
IPT	9329903	2325	2329	2406	2449	2519	2421	2556	2528	3706	3678	3697	3642	3639	3641
IPT	9330077	2326	2327	2403	2444	2516	2418	2555	2527	3707	3678	3698	3643	3639	3641
IPT	9330251	2330	2343	2412	2451	2516	2415	2554	2525	3707	3678	3698	3642	3639	3641
IPT	9330425	2331	2348	2424	2461	2522	2418	2553	2525	3707	3678	3698	3642	3638	3641
IPT	9330599	2325	2357	2424	2470	2519	2415	2553	2526	3707	3678	3698	3643	3639	3641
IPT	9330773	2324	2357	2414	2468	2509	2402	2552	2525	3707	3678	3698	3642	3639	3641
IPT	9330947	2324	2349	2403	2460	2506	2400	2551	2527	3707	3679	3698	3643	3640	3642
IPT	9331120	2317	2340	2413	2460	2512	2405	2553	2528	3707	3678	3698	3642	3639	3642
IPT	9331294	2310	2337	2424	2468	2519	2415	2555	2530	3707	3679	3698	3643	3639	3642
IPT	9331468	2317	2349	2432	2477	2527	2419	2557	2532	3707	3679	3698	3643	3640	3642
IPT	9331642	2327	2358	2427	2477	2523	2418	2557	2533	3707	3678	3697	3642	3639	3641
IPT	9331816	2337	2367	2424	2480	2521	2419	2557	2534	3707	3678	3697	3642	3638	3641
IPT	9331990	2344	2378	2426	2485	2523	2417	2557	2533	3707	3678	3698	3643	3639	3641
IPT	9332164	2345	2375	2428	2483	2522	2417	2556	2529	3707	3678	3698	3642	3639	3641
IPT	9332338	2343	2371	2430	2484	2520	2416	2555	2528	3706	3678	3698	3642	3639	3641
IPT	9332511	2331	2359	2425	2480	2518	2413	2553	2524	3706	3678	3698	3642	3639	3641
IPT	9332685	2319	2346	2416	2472	2517	2413	2552	2526	3707	3678	3698	3643	3639	3641
IPT	9332859	2311	2331	2413	2462	2511	2412	2551	2528	3707	3678	3698	3642	3639	3641
IPT	9333033	2316	2336	2414	2460	2512	2412	2552	2528	3707	3678	3698	3642	3639	3641
IPT	9333207	2326	2343	2423	2464	2519	2417	2554	2530	3707	3679	3698	3642	3639	3641
IPT	9333381	2327	2342	2425	2461	2523	2420	2554	2530	3707	3678	3698	3643	3639	3642
IPT	9333555	2325	2335	2424	2452	2526	2421	2555	2530	3707	3678	3698	3642	3639	3641
IPT	9333728	2327	2336	2423	2450	2526	2420	2554	2527	3707	3678	3697	3642	3639	3641
IPT	9333902	2331	2335	2418	2447	2522	2418	2553	2528	3707	3678	3698	3642	3639	3641
IPT	9334076	2324	2328	2418	2449	2524	2422	2555	2528	3707	3678	3698	3643	3639	3641
IPT	9334250	2321	2327	2430	2457	2529	2421	2555	2528	3707	3678	3698	3642	3639	3642
IPT	9334423	2330	2341	2435	2467	2532	2428	2555	2526	3707	3678	3698	3642	3639	3641
IPT	9334597	2336	2341	2426	2459	2531	2424	2556	2527	3707	3678	3698	3643	3639	3642
IPT	9334771	2332	2335	2435	2461	2533	2427	2557	2528	3707	3679	3698	3643	3639	3642
IPT	9334945	2344	2353	2446	2475	2538	2427	2557	2529	3707	3679	3698	3643	3639	3642
IPT	9335119	2357	2371	2455	2491	2540	2429	2558	2531	3707	3678	3698	3642	3639	3642
IPT	9335293	2365	2380	2456	2499	2539	2429	2557	2531	3708	3679	3699	3643	3639	3642
IPT	9335467	2361	2381	2455	2500	2539	2428	2556	2530	3707	3678	3698	3643	3639	3642
IPT	9335640	2364	2382	2450	2497	2536	2425	2555	2528	3708	3678	3698	3643	3639	3642
IPT	9335814	2371	2386	2447	2495	2535	2426	2555	2527	3707	3679	3698	3643	3639	3641
IPT	9335988	2379	2389	2446	2493	2537	2427	2557	2530	3708	3679	3699	3643	3640	3642
IPT	9336162	2375	2384	2435	2486	2534	2423	2556	2529	3707	3678	3698	3642	3639	3642
IPT	9336336	2373	2380	2438	2484	2533	2422	2555	2528	3708	3678	3698	3643	3639	3642
IPT	9336510	2369	2376	2444	2487	2536	2425	2555	2528	3707	3679	3698	3642	3639	3642
IPT	9336684	2365	2366	2444	2485	2536	2425	2556	2529	3707	3678	3698	3642	3639	3642
IPT	9336858	2354	2357	2434	2481	2531	2425	2556	2528	3707	3678	3698	3642	3639	3642
IPT	9337032	2349	2359	2433	2481	2527	2423	2555	2526	3707	3678	3697	3642	3639	3642
IPT	9337206	2346	2360	2439	2482	2528	2423	2552	2520	3707	3678	3698	3642	3639	3641
IPT	9337379	2345	2361	2432	2478	2524	2415	2549	2516	3708	3679	3699	3643	3639	3642
IPT	9337553	2347	2356	2428	2472	2523	2416	2549	2518	3707	3678	3698	3643	3639	3642
IPT	9337727	2343	2349	2421	2465	2522	2415	2546	2517	3707	3678	3698	3643	3639	3641
IPT	9337901	2341	2342	2410	2451	2519	2411	2547	2520	3706	3678	3698	3642	3638	3640
IPT	9338075	2346	2346	2408	2443	2519	2414	2550	2522	3707	3678	3697	3641	3639	3641
IPT	9338249	2356	2354	2418	2448	2520	2412	2551	2522	3707	3678	3698	3643	3639	3641
IPT	9338423	2356	2357	2428	2458	2523	2415	2550	2523	3707	3678	3698	3642	3639	3641
IPT	9338597	2346	2350	2426	2456	2523	2417	2553	2524	3707	3678	3697	3642	3638	3641
IPT	9338771	2337	2341	2423	2451	2520	2416	2553	2523	3707	3678	3698	3643	3638	3641
IPT	9338945	2341	2347	2418	2458	2511	2410	2549	2519	3707	3678	3698	3643	3639	3642
IPT	9339119	2351	2358	2425	2467	2512	2410	2548	2522	3707	3678	3698	3642	3639	3641
IPT	9339293	2342	2356	2420	2471	2510	2407	2549	2524	3707	3678	3698	3643	3639	3641
IPT	9339466	2327	2339	2407	2459	2500	2407	2549	2525	3707	3678	3698	3643	3639	3641
IPT	9339640	2315	2321	2400	2444	2501	2412	2551	2524	3707	3677	3698	3643	3638	3641
IPT	9339814	2317	2322	2409	2439	2505	2412	2551	2522	3707	3678	3697	3643	3638	3641
IPT	9339988	2326	2339	2413	2449	2509	2413	2551	2523	3707	3678	3698	3642	3639	3641
IPT	9340162	2324	2339	2409	2446	2506	2410	2552	2524	3707	3678	3698	3642	3639	3642
IPT	9340335	2322	2345	2410	2451	2510	2414	2553	2526	3707	3677	3698	3642	3639	3642
IPT	9340509	2331	2362	2424	2469	2518	2419	2555	2527	3707	3678	3697	3642	3638	3641
IPT	9340683	2335	2373	2429	2479	2521	2420	2555	2527	3707	3678	3697	3642	3638	3641
IPT	9340857	2334	2373	2435	2480	2520	2422	2556	2529	3707	3678	3698	3642	3639	3641
IPT	9341031	2334	2371	2443	2480	2523	2425	2557	2530	3707	3678	3698	3642	3638	3642
IPT	9341205	2348	2379	2451	2489	2528	2430	2558	2531	3707	3678	3698	3642	3639	3641
IPT	9341379	2355	2377	2452	2491	2531	2430	2558	2528	3707	3678	3698	3642	3639	3641
IPT	9341553	2360	2382	2453	2495	2531	2430	2558	2528	3707	3678	3698	3643	3639	3642
IPT	9341727	2351	2380	2450	2497	2534	2432	2559	2530	3707	3679	3699	3643	3640	3642
IPT	9341901	2341	2369	2442	2495	2526	2425	2558	2528	3707	3678	3699	3643	3639	3642
IPT	9342075	2344	2370	2433	2495	2522	2420	2555	2526	3708	3678	3698	3643	3639	3641
IPT	9342249	2347	2371	2427	2489	2517	2416	2554	2524	3706	3678	3698	3642	3639	3641
IPT	9342423	2342	2364	2423	2481	2517	2412	2552	2523	3707	3678	3697	3642	3638	3641
IPT	9342597	2345	2368	2436	2486	2523	2417	2553	2526	3707	3678	3698	3642	3638	3641
IPT	9342771	2355	2378	2440	2491	2527	2422	2553	2527	3707	3678	3698	3642	3639	3640
IPT	9342945	2360	2372	2421	2480	2518	2418	2551	2524	3706	3677	3697	3642	3638	3641
IPT	9343119	2359	2373	2413	2475	2514	2414	2548	2520	3707	3677	3698	3642	3638	3641
IPT	9343293	2357	2370	2411	2473	2514	2412	2545	2517	3707	3678	3698	3642	3639	3641
IPT	9343467	2357	2372	2415	2471	2519	2416	2547	2520	3707	3678	3698	3642	3639	3642
IPT	9343640	2358	2377	2418	2476	2519	2416	2549	2522	3708	3678	3698	3642	3639	3642
IPT	9343814	2353	2371	2409	2472	2514	2413	2549	2520	3707	3678	3698	3642	3639	3641
IPT	9343988	2349	2354	2399	2458	2510	2413	2550	2519	3707	3679	3698	3643	3639	3641
IPT	9344162	2352	2353	2400	2456	2509	2409	2548	2520	3707	3678	3698	3643	3639	3641
IPT	9344336	2356	2350	2404	2453	2511	2409	2550	2524	3707	3678	3698	3643	3639	3642
IPT	9344510	2350	2349	2402	2449	2511	2408	2550	2525	3707	3678	3698	3642	3638	3641
IPT	9344683	2358	2353	2408	2454	2511	2406	2549	2525	3707	3678	3698	3642	3639	3642
IPT	9344857	2362	2355	2406	2457	2508	2405	2547	2523	3707	3678	3698	3642	3639	3642
IPT	9345031	2364	2369	2409	2466	2505	2401	2545	2520	3707	3678	3698	3643	3639	3642
IPT	9345205	2371	2380	2415	2472	2505	2404	2547	2523	3708	3679	3698	3643	3639	3642
IPT	9345379	2376	2387	2417	2476	2504	2404	2548	2525	3707	3678	3698	3642	3639	3641
IPT	9345553	2378	2387	2425	2479	2509	2404	2548	2524	3707	3678	3698	3642	3639	3642
IPT	9345727	2381	2390	2429	2480	2516	2408	2550	2528	3707	3679	3698	3643	3639	3642
IPT	9345901	2384	2392	2431	2483	2522	2413	2552	2529	3707	3678	3698	3642	3639	3641
IPT	9346075	2384	2389	2434	2484	2524	2412	2550	2528	3707	3678	3698	3642	3639	3642
IPT	9346248	2377	2377	2429	2478	2522	2412	2549	2525	3707	3679	3698	3642	3639	3641
IPT	9346422	2368	2362	2409	2463	2509	2406	2548	2524	3707	3678	3698	3643	3640	3642
IPT	9346596	2368	2361	2416	2464	2513	2407	2551	2526	3707	3678	3698	3643	3639	3641
IPT	9346770	2376	2372	2419	2472	2515	2409	2550	2527	3707	3678	3698	3643	3639	3641
IPT	9346944	2371	2366	2417	2472	2515	2411	2551	2528	3707	3678	3698	3643	3639	3641
IPT	9347117	2361	2359	2419	2469	2520	2419	2554	2530	3707	3678	3698	3643	3639	3641
IPT	9347291	2356	2347	2414	2459	2519	2417	2553	2528	3707	3678	3698	3643	3639	3642
IPT	9347465	2351	2335	2407	2448	2515	2414	2550	2527	3707	3678	3698	3643	3639	3642
IPT	9347639	2346	2321	2386	2426	2508	2407	2546	2516	3707	3678	3698	3643	3639	3642
IPT	9347812	2338	2310	2363	2399	2500	2405	2542	2515	3707	3678	3698	3643	3639	3642
IPT	9347986	2325	2296	2364	2388	2500	2408	2546	2519	3707	3678	3697	3643	3639	3642
IPT	9348160	2319	2289	2364	2385	2504	2413	2549	2522	3708	3678	3698	3643	3639	3641
IPT	9348334	2314	2297	2373	2390	2504	2410	2548	2519	3707	3678	3698	3643	3639	3641
IPT	9348507	2312	2296	2380	2398	2506	2410	2548	2520	3707	3678	3698	3642	3639	3641
IPT	9348681	2313	2309	2398	2417	2511	2415	2552	2524	3707	3678	3698	3642	3639	3641
IPT	9348855	2326	2332	2410	2436	2517	2418	2553	2525	3707	3678	3698	3642	3639	3642
IPT	9349028	2334	2342	2399	2441	2511	2410	2547	2521	3707	3677	3697	3642	3639	3641
IPT	9349202	2337	2341	2397	2439	2505	2406	2544	2519	3707	3678	3698	3642	3639	3641
IPT	9349376	2334	2335	2400	2440	2506	2405	2545	2522	3706	3678	3698	3642	3639	3641
IPT	9349550	2329	2335	2401	2442	2502	2403	2546	2525	3707	3678	3698	3643	3639	3641
IPT	9349724	2323	2334	2405	2445	2501	2400	2546	2527	3707	3678	3698	3642	3639	3641
IPT	9349897	2314	2332	2410	2444	2501	2397	2543	2524	3707	3678	3698	3642	3638	3641
IPT	9350071	2314	2337	2407	2445	2500	2395	2542	2525	3707	3677	3698	3643	3639	3641
IPT	9350245	2316	2340	2394	2441	2497	2391	2541	2526	3706	3678	3697	3642	3638	3641
IPT	9350419	2322	2335	2384	2433	2494	2389	2540	2523	3707	3677	3698	3641	3638	3641
IPT	9350593	2322	2323	2384	2422	2499	2394	2542	2525	3707	3678	3698	3643	3639	3641
IPT	9350766	2322	2325	2390	2423	2506	2399	2544	2526	3707	3678	3698	3643	3639	3641
IPT	9350940	2321	2329	2395	2427	2508	2402	2546	2528	3707	3678	3698	3643	3639	3642
IPT	9351114	2328	2331	2398	2431	2512	2407	2549	2530	3707	3678	3698	3643	3639	3641
IPT	9351288	2338	2339	2408	2440	2517	2412	2550	2531	3707	3678	3698	3642	3639	3641
IPT	9351462	2344	2349	2416	2450	2522	2416	2551	2529	3707	3678	3697	3643	3639	3641
IPT	9351636	2342	2349	2410	2451	2523	2418	2551	2530	3707	3678	3698	3642	3639	3642
IPT	9351810	2333	2335	2398	2443	2522	2419	2552	2528	3707	3678	3697	3643	3639	3641
IPT	9351983	2323	2322	2394	2432	2520	2419	2552	2527	3707	3678	3698	3643	3639	3642
IPT	9352157	2318	2323	2397	2437	2519	2416	2550	2524	3707	3678	3698	3642	3639	3641
IPT	9352331	2319	2324	2400	2436	2521	2421	2552	2528	3707	3678	3698	3642	3639	3642
IPT	9352505	2317	2316	2401	2430	2524	2424	2555	2529	3707	3679	3698	3643	3639	3642
IPT	9352679	2314	2311	2401	2429	2524	2420	2553	2526	3708	3679	3699	3643	3640	3642
IPT	9352853	2313	2313	2401	2428	2522	2419	2552	2527	3707	3679	3698	3643	3639	3642
IPT	9353027	2312	2304	2389	2420	2513	2412	2550	2525	3707	3678	3698	3643	3639	3642
IPT	9353200	2304	2294	2381	2413	2508	2410	2548	2522	3708	3678	3698	3643	3639	3641
IPT	9353374	2303	2294	2380	2411	2501	2402	2544	2518	3707	3678	3698	3642	3639	3642
IPT	9353548	2315	2311	2398	2425	2503	2405	2546	2521	3707	3678	3698	3643	3639	3642
IPT	9353722	2319	2311	2404	2430	2512	2411	2550	2524	3707	3678	3698	3642	3639	3641
IPT	9353896	2318	2317	2396	2433	2507	2410	2551	2524	3706	3678	3698	3642	3638	3640
IPT	9354070	2319	2315	2391	2428	2506	2413	2552	2525	3706	3677	3697	3642	3639	3641
IPT	9354244	2326	2317	2401	2432	2510	2418	2554	2528	3707	3678	3697	3642	3638	3641
IPT	9354418	2330	2325	2409	2439	2515	2420	2556	2530	3707	3677	3698	3642	3639	3641
IPT	9354592	2334	2341	2416	2448	2520	2420	2555	2529	3707	3678	3697	3642	3639	3641
IPT	9354766	2340	2352	2422	2459	2519	2419	2555	2530	3706	3678	3698	3642	3639	3641
IPT	9354940	2339	2341	2421	2455	2521	2418	2556	2533	3707	3678	3698	3642	3639	3641
IPT	9355115	2325	2323	2406	2442	2515	2415	2555	2533	3706	3678	3697	3642	3638	3641
IPT	9355289	2322	2319	2401	2438	2511	2413	2553	2529	3706	3677	3697	3642	3638	3641
IPT	9355463	2322	2325	2407	2442	2513	2414	2553	2529	3706	3677	3697	3642	3638	3640
IPT	9355637	2321	2325	2407	2444	2517	2417	2555	2530	3706	3677	3698	3641	3638	3641
IPT	9355811	2313	2318	2409	2444	2519	2419	2556	2530	3706	3677	3698	3642	3638	3641
IPT	9355985	2314	2328	2419	2454	2523	2423	2557	2532	3707	3678	3698	3642	3639	3641
IPT	9356159	2329	2345	2431	2468	2530	2428	2557	2533	3707	3678	3698	3642	3638	3641
IPT	9356333	2336	2356	2433	2475	2529	2426	2557	2530	3707	3677	3697	3642	3639	3641
IPT	9356507	2339	2361	2422	2475	2521	2421	2555	2528	3706	3678	3697	3642	3638	3640
IPT	9356682	2342	2365	2418	2477	2511	2413	2552	2528	3706	3678	3697	3642	3639	3641
IPT	9356856	2347	2377	2425	2484	2510	2413	2551	2526	3706	3678	3697	3642	3638	3641
IPT	9357030	2356	2383	2432	2491	2514	2415	2550	2526	3706	3677	3697	3642	3638	3641
IPT	9357204	2362	2380	2426	2486	2513	2411	2546	2523	3707	3678	3698	3643	3639	3641
IPT	9357378	2361	2367	2415	2477	2501	2400	2540	2522	3707	3678	3698	3642	3638	3641
IPT	9357552	2346	2354	2415	2469	2502	2398	2539	2521	3706	3678	3697	3642	3638	3641
IPT	9357726	2337	2351	2404	2464	2501	2398	2538	2519	3706	3678	3698	3642	3638	3641
IPT	9357900	2335	2339	2386	2448	2493	2396	2540	2520	3706	3678	3698	3641	3638	3641
IPT	9358074	2335	2346	2400	2454	2497	2401	2544	2524	3706	3677	3697	3642	3638	3640
IPT	9358248	2346	2359	2421	2471	2507	2406	2548	2525	3706	3677	3698	3642	3638	3641
IPT	9358423	2358	2370	2428	2478	2512	2410	2548	2524	3706	3677	3697	3642	3638	3641
IPT	9358597	2367	2378	2430	2480	2511	2405	2545	2521	3706	3677	3697	3642	3638	3640
IPT	9358771	2365	2379	2439	2485	2516	2409	2547	2525	3706	3677	3697	3641	3638	3641
IPT	9358945	2351	2373	2444	2486	2520	2412	2550	2528	3706	3678	3697	3642	3638	3641
IPT	9359119	2362	2385	2447	2493	2522	2416	2553	2531	3706	3677	3697	3642	3639	3641
IPT	9359293	2378	2388	2444	2493	2520	2420	2556	2533	3707	3678	3698	3643	3639	3642
IPT	9359467	2377	2385	2448	2494	2523	2423	2557	2534	3706	3678	3698	3642	3638	3641
IPT	9359641	2382	2389	2451	2498	2527	2424	2557	2531	3706	3678	3698	3642	3639	3641
IPT	9359815	2390	2394	2447	2498	2528	2425	2557	2533	3707	3678	3697	3642	3638	3641
IPT	9359989	2392	2396	2448	2498	2530	2426	2557	2530	3707	3677	3698	3642	3638	3640
IPT	9360163	2393	2397	2446	2497	2531	2426	2555	2530	3707	3678	3698	3642	3638	3641
IPT	9360338	2386	2398	2441	2498	2528	2423	2555	2530	3707	3678	3697	3642	3639	3642
IPT	9360512	2379	2394	2430	2491	2520	2420	2552	2529	3707	3678	3698	3642	3639	3641
IPT	9360686	2370	2384	2416	2478	2513	2419	2553	2528	3706	3678	3698	3642	3638	3641
IPT	9360861	2367	2373	2415	2471	2510	2415	2554	2528	3706	3677	3697	3642	3638	3641
IPT	9361035	2367	2368	2419	2476	2511	2413	2552	2528	3706	3677	3697	3642	3639	3641
IPT	9361209	2359	2359	2419	2475	2510	2407	2550	2527	3707	3678	3698	3642	3639	3641
IPT	9361384	2348	2351	2420	2465	2509	2409	2551	2527	3707	3678	3698	3643	3639	3641
IPT	9361558	2338	2337	2413	2455	2505	2404	2550	2524	3707	3677	3698	3642	3639	3641
IPT	9361732	2334	2328	2411	2449	2505	2403	2546	2521	3707	3678	3698	3642	3639	3641
IPT	9361907	2339	2341	2412	2457	2502	2402	2546	2520	3707	3678	3697	3642	3639	3641
IPT	9362081	2339	2344	2408	2459	2501	2400	2547	2522	3706	3678	3697	3642	3638	3641
IPT	9362255	2338	2346	2414	2461	2504	2403	2549	2525	3707	3677	3698	3642	3639	3641
IPT	9362430	2353	2360	2416	2473	2502	2395	2546	2525	3706	3677	3698	3642	3638	3641
IPT	9362604	2366	2370	2415	2478	2503	2400	2549	2527	3707	3678	3697	3642	3639	3641
IPT	9362778	2371	2374	2416	2478	2502	2407	2550	2525	3707	3678	3697	3641	3639	3641
IPT	9362953	2375	2369	2419	2475	2506	2409	2552	2526	3707	3678	3698	3642	3638	3641
IPT	9363127	2381	2373	2422	2479	2511	2411	2551	2524	3707	3678	3697	3642	3638	3641
IPT	9363302	2369	2354	2418	2469	2513	2408	2550	2521	3706	3678	3698	3641	3639	3641
IPT	9363476	2357	2335	2413	2457	2510	2405	2550	2522	3706	3678	3697	3642	3638	3640
IPT	9363650	2353	2337	2412	2455	2507	2401	2548	2522	3707	3677	3698	3643	3639	3641
IPT	9363824	2349	2339	2414	2456	2508	2404	2549	2524	3706	3677	3697	3642	3638	3640
IPT	9363998	2341	2330	2402	2452	2503	2400	2551	2525	3706	3677	3697	3642	3638	3641
IPT	9364172	2344	2330	2408	2452	2502	2399	2552	2526	3706	3677	3697	3642	3638	3641
IPT	9364347	2343	2331	2415	2459	2507	2405	2554	2530	3706	3677	3697	3642	3638	3641
IPT	9364521	2346	2344	2418	2467	2511	2410	2554	2531	3706	3677	3697	3642	3638	3641
IPT	9364695	2346	2349	2421	2467	2516	2412	2555	2532	3706	3677	3698	3642	3638	3640
IPT	9364870	2346	2345	2417	2457	2515	2410	2554	2529	3706	3678	3697	3641	3638	3641
IPT	9365044	2337	2330	2410	2446	2513	2413	2555	2530	3706	3677	3697	3642	3638	3641
IPT	9365218	2328	2325	2406	2444	2511	2414	2556	2531	3706	3678	3698	3642	3638	3641
IPT	9365392	2320	2320	2399	2441	2513	2418	2557	2531	3707	3678	3698	3642	3639	3642
IPT	9365566	2316	2318	2400	2444	2511	2418	2554	2527	3707	3678	3698	3642	3639	3642
IPT	9365741	2318	2322	2400	2447	2511	2416	2551	2525	3707	3678	3698	3642	3638	3641
IPT	9365915	2319	2320	2399	2444	2511	2413	2551	2525	3707	3677	3697	3642	3638	3641
IPT	9366089	2315	2315	2396	2442	2511	2414	2551	2525	3707	3678	3698	3643	3639	3641
IPT	9366263	2314	2310	2390	2436	2511	2413	2552	2524	3707	3678	3698	3642	3639	3641
IPT	9366437	2308	2308	2391	2433	2506	2412	2550	2524	3707	3678	3698	3642	3639	3641
IPT	9366611	2302	2298	2397	2429	2507	2412	2550	2525	3706	3678	3698	3642	3638	3641
IPT	9366785	2302	2292	2403	2426	2512	2411	2551	2525	3707	3678	3698	3643	3639	3641
IPT	9366959	2306	2305	2415	2435	2521	2417	2553	2528	3707	3678	3698	3642	3639	3640
IPT	9367133	2316	2317	2422	2443	2524	2421	2555	2530	3707	3678	3698	3643	3639	3641
IPT	9367307	2314	2318	2425	2442	2525	2420	2555	2530	3706	3677	3698	3642	3638	3640
IPT	9367481	2323	2330	2430	2448	2526	2421	2554	2532	3707	3678	3698	3643	3639	3641
IPT	9367655	2331	2343	2423	2454	2521	2417	2555	2532	3707	3678	3698	3642	3639	3642
IPT	9367829	2331	2336	2423	2451	2521	2421	2556	2532	3707	3678	3697	3642	3639	3642
IPT	9368003	2330	2327	2431	2456	2526	2419	2556	2531	3707	3678	3698	3642	3638	3641
IPT	9368178	2336	2344	2435	2467	2525	2419	2556	2531	3706	3678	3697	3642	3638	3641
IPT	9368352	2348	2359	2437	2475	2524	2418	2556	2529	3707	3678	3698	3642	3638	3641
IPT	9368526	2348	2356	2427	2467	2521	2414	2552	2525	3707	3678	3699	3643	3639	3642
IPT	9368700	2338	2350	2429	2464	2520	2412	2552	2525	3707	3678	3699	3642	3639	3642
IPT	9368874	2318	2343	2428	2459	2519	2411	2550	2527	3707	3678	3698	3642	3639	3642
IPT	9369048	2310	2341	2428	2458	2521	2410	2551	2525	3707	3677	3697	3641	3638	3641
IPT	9369222	2309	2335	2426	2456	2518	2411	2549	2522	3707	3678	3698	3642	3638	3641
IPT	9369397	2318	2336	2427	2458	2520	2412	2551	2525	3707	3677	3698	3642	3638	3641
IPT	9369571	2318	2333	2420	2452	2519	2416	2551	2526	3707	3678	3698	3642	3639	3641
IPT	9369745	2318	2331	2428	2459	2524	2417	2552	2528	3707	3678	3698	3642	3639	3641
IPT	9369919	2318	2341	2432	2466	2528	2422	2554	2530	3707	3678	3698	3642	3639	3641
IPT	9370093	2318	2343	2424	2460	2529	2428	2555	2531	3707	3678	3697	3643	3638	3641
IPT	9370267	2325	2352	2430	2470	2530	2430	2556	2531	3707	3678	3698	3642	3639	3641
IPT	9370441	2343	2363	2431	2477	2530	2428	2556	2531	3707	3677	3698	3642	3638	3641
IPT	9370616	2350	2367	2433	2478	2530	2426	2555	2528	3707	3677	3698	3642	3639	3641
IPT	9370790	2342	2359	2422	2463	2525	2423	2552	2524	3706	3678	3697	3642	3638	3641
IPT	9370964	2330	2342	2400	2445	2517	2416	2549	2519	3707	3678	3697	3642	3639	3641
IPT	9371138	2314	2319	2390	2433	2511	2413	2547	2520	3706	3678	3697	3642	3638	3641
IPT	9371312	2312	2316	2403	2435	2516	2417	2549	2523	3707	3678	3698	3642	3638	3641
IPT	9371486	2318	2323	2413	2443	2518	2414	2550	2525	3706	3678	3697	3642	3639	3641
IPT	9371661	2326	2332	2410	2449	2515	2410	2551	2527	3707	3677	3698	3642	3639	3641
IPT	9371835	2328	2340	2416	2456	2517	2416	2554	2531	3706	3678	3697	3642	3638	3641
IPT	9372009	2330	2355	2431	2471	2526	2420	2557	2532	3707	3678	3698	3642	3639	3641
IPT	9372183	2347	2374	2440	2483	2529	2425	2557	2531	3707	3678	3697	3643	3638	3642
IPT	9372357	2360	2385	2440	2487	2530	2421	2556	2532	3707	3677	3697	3642	3638	3641
IPT	9372532	2363	2382	2434	2482	2528	2419	2555	2532	3706	3678	3697	3641	3638	3640
IPT	9372706	2365	2384	2441	2487	2529	2419	2556	2533	3706	3677	3698	3642	3638	3641
IPT	9372880	2371	2394	2439	2494	2528	2421	2557	2533	3706	3677	3697	3641	3638	3641
IPT	9373054	2382	2398	2433	2493	2527	2423	2557	2531	3706	3677	3697	3641	3638	3640
IPT	9373228	2386	2395	2440	2492	2529	2426	2557	2531	3706	3677	3697	3642	3638	3641
IPT	9373402	2388	2397	2443	2493	2528	2427	2557	2532	3706	3677	3697	3642	3638	3641
IPT	9373576	2393	2402	2445	2497	2531	2427	2558	2532	3706	3678	3698	3642	3639	3641
IPT	9373750	2398	2406	2450	2500	2532	2426	2557	2529	3706	3677	3697	3642	3638	3641
IPT	9373924	2393	2398	2452	2498	2534	2427	2557	2531	3706	3678	3698	3642	3638	3641
IPT	9374098	2393	2395	2448	2494	2533	2426	2558	2531	3706	3677	3697	3642	3639	3641
IPT	9374272	2388	2384	2439	2482	2531	2426	2558	2532	3707	3678	3697	3642	3639	3640
IPT	9374446	2381	2381	2441	2482	2529	2424	2558	2532	3707	3678	3698	3642	3638	3641
IPT	9374621	2378	2381	2441	2482	2528	2418	2556	2527	3706	3678	3698	3642	3638	3641
IPT	9374795	2379	2381	2439	2483	2530	2418	2555	2527	3707	3678	3698	3642	3638	3641
IPT	9374969	2379	2373	2425	2473	2527	2419	2554	2524	3706	3678	3698	3642	3638	3641
IPT	9375143	2376	2363	2407	2459	2519	2412	2552	2526	3706	3677	3697	3642	3638	3641
IPT	9375317	2372	2357	2398	2451	2512	2407	2553	2528	3706	3678	3697	3642	3638	3641
IPT	9375491	2360	2342	2385	2442	2507	2408	2552	2528	3707	3678	3698	3642	3639	3642
IPT	9375665	2345	2321	2385	2432	2505	2405	2549	2526	3707	3678	3698	3642	3639	3641
IPT	9375839	2336	2318	2390	2432	2501	2403	2547	2527	3706	3678	3698	3642	3639	3641
IPT	9376013	2332	2326	2399	2441	2507	2402	2548	2529	3706	3677	3697	3642	3639	3641
IPT	9376188	2336	2331	2396	2442	2504	2398	2545	2521	3706	3677	3697	3641	3638	3641
IPT	9376362	2328	2324	2390	2433	2497	2390	2538	2513	3707	3677	3698	3642	3639	3642
IPT	9376536	2324	2322	2388	2429	2489	2387	2535	2515	3706	3678	3697	3642	3638	3641
IPT	9376710	2321	2325	2403	2438	2498	2392	2538	2519	3707	3677	3697	3642	3639	3641
IPT	9376884	2321	2327	2415	2446	2507	2399	2544	2522	3707	3677	3697	3642	3638	3640
IPT	9377058	2320	2332	2418	2448	2512	2404	2544	2520	3706	3677	3697	3642	3639	3641
IPT	9377232	2324	2346	2424	2455	2514	2407	2543	2518	3706	3677	3697	3642	3638	3641
IPT	9377406	2332	2359	2433	2469	2521	2411	2545	2520	3707	3678	3698	3642	3638	3642
IPT	9377580	2343	2372	2432	2477	2520	2410	2547	2521	3706	3677	3698	3642	3638	3641
IPT	9377754	2346	2379	2430	2478	2518	2407	2546	2518	3706	3678	3698	3642	3638	3642
IPT	9377929	2341	2371	2425	2473	2518	2410	2547	2520	3707	3678	3698	3643	3639	3642
IPT	9378103	2341	2372	2430	2474	2519	2410	2547	2519	3707	3677	3697	3642	3638	3641
IPT	9378277	2350	2382	2435	2481	2519	2414	2548	2520	3706	3677	3698	3642	3639	3641
IPT	9378451	2359	2386	2440	2487	2521	2414	2549	2522	3706	3678	3697	3642	3638	3641
IPT	9378625	2365	2389	2431	2488	2518	2415	2551	2525	3706	3677	3697	3642	3638	3640
IPT	9378799	2369	2382	2414	2477	2516	2414	2551	2522	3707	3677	3697	3641	3638	3641
IPT	9378973	2363	2363	2402	2460	2513	2414	2549	2522	3706	3678	3698	3642	3639	3641
IPT	9379147	2360	2365	2398	2459	2509	2417	2550	2523	3706	3678	3698	3642	3639	3641
IPT	9379322	2359	2364	2383	2452	2499	2410	2550	2525	3706	3678	3697	3642	3638	3640
IPT	9379496	2353	2350	2381	2441	2496	2411	2551	2525	3706	3678	3697	3642	3639	3642
IPT	9379670	2349	2351	2397	2449	2501	2413	2552	2527	3707	3677	3698	3642	3638	3641
IPT	9379844	2349	2363	2411	2461	2509	2419	2554	2528	3707	3678	3698	3643	3639	3641
IPT	9380018	2352	2362	2417	2461	2514	2422	2555	2529	3707	3678	3698	3643	3639	3641
IPT	9380192	2343	2347	2416	2450	2514	2423	2556	2530	3706	3678	3697	3642	3639	3641
IPT	9380366	2335	2338	2424	2448	2517	2427	2557	2529	3707	3678	3698	3642	3639	3641
IPT	9380541	2328	2331	2414	2443	2516	2421	2555	2523	3707	3678	3698	3642	3639	3642
IPT	9380715	2324	2330	2407	2439	2513	2418	2554	2523	3707	3678	3698	3643	3639	3642
IPT	9380889	2327	2342	2413	2447	2515	2419	2553	2523	3707	3678	3698	3642	3639	3642
IPT	9381063	2330	2351	2414	2453	2511	2412	2550	2520	3707	3678	3698	3642	3638	3641
IPT	9381237	2330	2350	2415	2453	2507	2403	2545	2513	3707	3677	3698	3642	3639	3641
IPT	9381411	2331	2347	2414	2449	2505	2398	2541	2510	3707	3678	3698	3643	3639	3641
IPT	9381585	2332	2348	2397	2440	2497	2391	2535	2504	3707	3678	3697	3642	3639	3641
IPT	9381759	2336	2345	2400	2433	2500	2391	2537	2506	3706	3677	3697	3641	3638	3640
IPT	9381933	2339	2349	2405	2439	2504	2396	2540	2510	3707	3678	3697	3643	3639	3642
IPT	9382108	2333	2330	2399	2427	2505	2398	2541	2512	3707	3678	3698	3643	3639	3642
IPT	9382282	2330	2332	2408	2432	2508	2399	2540	2513	3707	3679	3698	3643	3640	3642
IPT	9382456	2336	2344	2407	2439	2508	2399	2539	2512	3707	3678	3697	3642	3639	3641
IPT	9382630	2341	2351	2393	2441	2503	2399	2539	2512	3706	3678	3698	3642	3639	3641
IPT	9382804	2351	2363	2407	2449	2507	2401	2543	2517	3707	3678	3697	3642	3639	3641
IPT	9382978	2359	2373	2418	2459	2514	2409	2547	2520	3707	3678	3698	3642	3639	3641
IPT	9383152	2364	2377	2427	2468	2518	2410	2550	2522	3707	3678	3698	3642	3639	3642
IPT	9383326	2362	2372	2427	2471	2521	2416	2551	2523	3707	3678	3698	3642	3639	3641
IPT	9383500	2355	2369	2420	2467	2515	2413	2549	2523	3707	3678	3698	3642	3639	3640
IPT	9383674	2356	2369	2411	2458	2510	2409	2547	2525	3707	3677	3698	3642	3639	3642
IPT	9383848	2361	2373	2420	2462	2514	2411	2549	2525	3707	3678	3698	3642	3639	3642
IPT	9384023	2366	2377	2428	2470	2517	2414	2550	2525	3707	3678	3698	3642	3639	3641
IPT	9384197	2370	2366	2432	2467	2522	2417	2551	2523	3706	3678	3697	3641	3638	3641
IPT	9384371	2361	2348	2422	2457	2521	2415	2551	2524	3707	3678	3697	3642	3638	3642
IPT	9384545	2355	2345	2416	2452	2517	2412	2550	2526	3707	3678	3698	3642	3639	3641
IPT	9384720	2359	2354	2417	2458	2512	2408	2549	2525	3707	3678	3698	3642	3638	3641
IPT	9384894	2357	2355	2417	2459	2512	2407	2547	2522	3706	3678	3697	3642	3638	3640
IPT	9385068	2350	2349	2404	2452	2505	2400	2545	2518	3706	3677	3697	3642	3638	3641
IPT	9385242	2344	2341	2398	2445	2501	2398	2543	2519	3707	3678	3698	3642	3638	3641
IPT	9385416	2345	2344	2400	2447	2501	2400	2544	2519	3707	3678	3697	3642	3639	3641
IPT	9385591	2355	2355	2411	2456	2504	2408	2547	2523	3707	3678	3698	3642	3638	3641
IPT	9385765	2362	2368	2424	2471	2513	2412	2550	2525	3707	3678	3698	3642	3638	3641
IPT	9385939	2367	2378	2434	2479	2519	2419	2553	2528	3707	3678	3698	3642	3639	3640
IPT	9386113	2372	2378	2434	2481	2520	2421	2554	2527	3706	3678	3698	3642	3638	3641
