IPT	9796664	2459	2454	2485	2548	2557	2441	2563	2533	3707	3678	3698	3642	3639	3642
IPT	9796838	2465	2458	2488	2549	2557	2443	2563	2532	3707	3678	3698	3642	3639	3641
IPT	9797012	2470	2462	2487	2550	2557	2441	2562	2532	3707	3678	3698	3643	3639	3642
IPT	9797187	2471	2462	2482	2548	2554	2439	2561	2530	3707	3679	3698	3642	3639	3642
IPT	9797361	2470	2451	2465	2539	2551	2434	2559	2531	3707	3678	3698	3643	3639	3642
IPT	9797535	2461	2439	2454	2524	2546	2437	2560	2532	3707	3679	3698	3643	3639	3642
IPT	9797709	2455	2433	2456	2520	2544	2436	2561	2534	3708	3679	3698	3643	3640	3642
IPT	9797883	2458	2439	2464	2527	2547	2437	2562	2534	3708	3679	3699	3643	3640	3642
IPT	9798057	2459	2443	2468	2532	2549	2439	2563	2534	3708	3679	3698	3643	3639	3642
IPT	9798231	2461	2444	2470	2535	2551	2439	2563	2534	3707	3678	3699	3643	3639	3642
IPT	9798405	2459	2445	2472	2535	2550	2440	2563	2535	3708	3679	3698	3643	3639	3643
IPT	9798579	2453	2443	2477	2537	2554	2441	2565	2535	3708	3678	3698	3643	3639	3642
IPT	9798753	2447	2440	2479	2537	2553	2441	2563	2535	3708	3679	3699	3643	3640	3642
IPT	9798927	2444	2437	2477	2536	2551	2441	2563	2534	3707	3679	3698	3643	3639	3642
IPT	9799100	2444	2439	2476	2537	2551	2440	2562	2534	3707	3678	3698	3643	3640	3641
IPT	9799274	2444	2440	2475	2539	2552	2440	2562	2534	3707	3678	3698	3642	3639	3642
IPT	9799448	2445	2438	2479	2538	2554	2443	2563	2535	3708	3678	3698	3643	3639	3642
IPT	9799622	2442	2432	2477	2534	2555	2441	2563	2535	3707	3678	3698	3643	3639	3642
IPT	9799796	2428	2414	2462	2520	2551	2439	2564	2535	3707	3678	3698	3642	3639	3642
IPT	9799970	2424	2410	2461	2516	2549	2440	2564	2535	3708	3678	3698	3643	3639	3642
IPT	9800144	2420	2414	2466	2518	2551	2444	2566	2536	3708	3679	3698	3643	3640	3642
IPT	9800318	2423	2418	2467	2522	2551	2444	2564	2536	3708	3679	3698	3642	3639	3641
IPT	9800492	2423	2418	2462	2520	2547	2444	2567	2537	3707	3678	3698	3642	3639	3641
IPT	9800666	2430	2428	2469	2528	2547	2443	2566	2536	3707	3678	3698	3643	3639	3642
IPT	9800840	2440	2438	2473	2534	2551	2442	2566	2536	3707	3678	3698	3643	3639	3642
IPT	9801014	2442	2436	2470	2533	2551	2439	2562	2535	3707	3678	3697	3642	3639	3641
IPT	9801188	2444	2434	2469	2533	2549	2437	2563	2535	3707	3678	3698	3642	3639	3641
IPT	9801362	2447	2437	2472	2535	2548	2435	2562	2534	3707	3678	3698	3642	3639	3641
IPT	9801536	2452	2439	2470	2534	2548	2434	2560	2532	3707	3678	3698	3642	3639	3641
IPT	9801710	2447	2431	2466	2528	2547	2433	2560	2530	3707	3678	3698	3643	3639	3641
IPT	9801884	2443	2428	2464	2527	2546	2431	2559	2528	3707	3678	3698	3642	3639	3641
IPT	9802058	2442	2427	2462	2525	2547	2433	2559	2531	3708	3678	3698	3643	3639	3641
IPT	9802232	2445	2427	2462	2523	2545	2432	2559	2531	3707	3678	3698	3642	3639	3642
IPT	9802406	2447	2424	2455	2519	2543	2433	2559	2532	3707	3678	3698	3642	3639	3641
IPT	9802580	2446	2419	2458	2519	2544	2433	2559	2531	3707	3678	3698	3643	3639	3642
IPT	9802754	2450	2429	2465	2528	2546	2434	2559	2531	3707	3678	3698	3642	3639	3642
IPT	9802929	2453	2434	2470	2533	2549	2436	2559	2531	3707	3678	3698	3643	3639	3642
IPT	9803103	2454	2437	2472	2534	2552	2434	2560	2531	3707	3678	3698	3643	3639	3641
IPT	9803277	2450	2432	2470	2534	2550	2435	2560	2532	3707	3678	3698	3642	3639	3641
IPT	9803451	2450	2432	2464	2533	2547	2434	2560	2532	3708	3679	3698	3643	3640	3643
IPT	9803625	2449	2429	2462	2528	2546	2436	2561	2533	3708	3678	3698	3643	3639	3642
IPT	9803799	2451	2434	2469	2532	2548	2439	2561	2534	3707	3678	3698	3643	3639	3642
IPT	9803973	2452	2434	2470	2532	2551	2440	2561	2533	3707	3679	3698	3642	3639	3641
IPT	9804147	2448	2429	2462	2527	2551	2438	2562	2533	3707	3678	3698	3643	3639	3642
IPT	9804321	2442	2423	2458	2522	2548	2438	2561	2531	3707	3678	3698	3642	3639	3641
IPT	9804495	2438	2421	2464	2525	2550	2438	2562	2531	3707	3678	3698	3643	3639	3641
IPT	9804669	2441	2428	2470	2533	2553	2440	2562	2531	3708	3678	3699	3643	3640	3642
IPT	9804843	2441	2428	2474	2533	2554	2440	2561	2532	3707	3678	3699	3643	3639	3642
IPT	9805017	2438	2427	2474	2533	2555	2440	2562	2533	3707	3678	3698	3642	3639	3641
IPT	9805191	2439	2426	2474	2533	2555	2441	2562	2533	3707	3678	3698	3642	3639	3641
IPT	9805365	2440	2432	2476	2539	2556	2441	2561	2532	3707	3678	3698	3643	3639	3641
IPT	9805539	2442	2437	2476	2540	2554	2440	2560	2531	3707	3678	3698	3642	3639	3641
IPT	9805714	2446	2439	2478	2542	2555	2442	2561	2532	3708	3678	3698	3643	3639	3642
IPT	9805888	2444	2440	2474	2540	2556	2442	2561	2531	3707	3678	3698	3643	3639	3641
IPT	9806062	2438	2429	2465	2532	2554	2442	2561	2533	3707	3678	3698	3643	3639	3641
IPT	9806237	2436	2424	2466	2530	2552	2442	2561	2533	3707	3679	3698	3643	3639	3641
IPT	9806411	2428	2417	2453	2519	2547	2439	2562	2535	3707	3678	3698	3643	3639	3642
IPT	9806585	2419	2407	2446	2506	2542	2437	2561	2533	3707	3678	3698	3643	3639	3642
IPT	9806760	2414	2407	2453	2509	2546	2436	2561	2532	3708	3679	3698	3643	3639	3643
IPT	9806934	2417	2410	2454	2513	2544	2436	2560	2531	3708	3679	3699	3643	3640	3642
IPT	9807108	2424	2416	2454	2516	2541	2433	2559	2532	3708	3678	3699	3643	3639	3641
IPT	9807283	2428	2417	2457	2519	2544	2437	2561	2534	3708	3679	3698	3644	3640	3642
IPT	9807457	2425	2415	2466	2524	2549	2440	2562	2535	3708	3679	3699	3643	3640	3642
IPT	9807631	2428	2418	2471	2526	2552	2440	2563	2535	3708	3678	3698	3643	3639	3642
IPT	9807805	2431	2418	2473	2527	2553	2441	2562	2535	3708	3679	3699	3643	3639	3641
IPT	9807980	2432	2417	2472	2523	2552	2436	2560	2533	3708	3679	3698	3643	3639	3642
IPT	9808154	2431	2416	2470	2524	2552	2437	2560	2533	3708	3679	3699	3643	3640	3642
IPT	9808328	2431	2419	2472	2528	2551	2438	2561	2534	3708	3679	3699	3643	3639	3642
IPT	9808502	2435	2423	2474	2531	2552	2439	2561	2535	3708	3679	3698	3643	3640	3642
IPT	9808676	2432	2418	2464	2525	2547	2438	2562	2535	3708	3679	3699	3643	3640	3642
IPT	9808851	2422	2406	2450	2512	2543	2435	2562	2536	3708	3678	3698	3644	3640	3642
IPT	9809025	2410	2391	2443	2501	2542	2432	2562	2536	3708	3679	3699	3643	3640	3643
IPT	9809199	2402	2383	2444	2498	2542	2434	2562	2535	3708	3679	3699	3643	3640	3642
IPT	9809373	2396	2383	2443	2496	2540	2433	2562	2535	3708	3679	3699	3643	3640	3642
IPT	9809547	2403	2395	2450	2506	2543	2436	2564	2536	3708	3679	3698	3643	3640	3642
IPT	9809721	2414	2411	2459	2514	2549	2439	2565	2536	3707	3678	3698	3643	3639	3641
IPT	9809895	2419	2419	2466	2522	2552	2443	2566	2536	3707	3678	3698	3643	3639	3642
IPT	9810069	2424	2424	2464	2525	2552	2440	2565	2536	3707	3679	3699	3643	3639	3642
IPT	9810243	2422	2421	2463	2523	2550	2442	2565	2536	3708	3679	3698	3643	3639	3642
IPT	9810418	2425	2425	2463	2525	2550	2440	2564	2535	3707	3678	3698	3643	3639	3642
IPT	9810592	2430	2425	2458	2523	2548	2439	2562	2532	3707	3678	3698	3642	3639	3641
IPT	9810766	2431	2428	2458	2524	2545	2438	2562	2534	3707	3679	3698	3642	3639	3642
IPT	9810940	2433	2432	2452	2524	2544	2435	2562	2535	3708	3678	3698	3643	3640	3642
IPT	9811115	2433	2435	2456	2526	2544	2435	2562	2535	3708	3679	3699	3643	3639	3642
IPT	9811289	2437	2440	2466	2533	2549	2440	2563	2536	3708	3679	3698	3643	3639	3642
IPT	9811463	2441	2445	2470	2538	2550	2441	2564	2536	3707	3678	3698	3643	3639	3641
IPT	9811638	2446	2447	2466	2533	2549	2439	2563	2534	3707	3678	3698	3643	3639	3642
IPT	9811812	2446	2440	2457	2526	2544	2433	2560	2533	3707	3678	3698	3643	3639	3642
IPT	9811986	2453	2444	2463	2531	2544	2434	2560	2532	3708	3678	3698	3642	3640	3642
IPT	9812160	2458	2445	2465	2534	2547	2434	2560	2533	3707	3678	3698	3642	3639	3641
IPT	9812334	2460	2441	2460	2530	2546	2438	2561	2533	3707	3678	3698	3643	3639	3642
IPT	9812509	2455	2431	2460	2522	2547	2437	2562	2534	3707	3678	3698	3643	3639	3642
IPT	9812683	2445	2418	2460	2514	2550	2440	2563	2535	3708	3679	3699	3643	3640	3642
IPT	9812857	2441	2415	2456	2512	2551	2440	2562	2534	3708	3679	3698	3643	3639	3642
IPT	9813031	2440	2414	2453	2509	2549	2439	2561	2532	3707	3678	3698	3643	3639	3642
IPT	9813206	2443	2417	2458	2511	2549	2438	2561	2533	3708	3678	3698	3642	3639	3641
IPT	9813380	2439	2414	2457	2512	2550	2437	2561	2532	3708	3679	3699	3643	3640	3642
IPT	9813554	2431	2408	2455	2511	2547	2437	2560	2532	3708	3679	3699	3643	3640	3642
IPT	9813728	2428	2408	2458	2513	2546	2435	2560	2532	3708	3678	3699	3643	3639	3642
IPT	9813902	2431	2413	2465	2517	2550	2437	2562	2534	3708	3679	3699	3644	3639	3642
IPT	9814077	2428	2409	2460	2514	2553	2438	2561	2536	3708	3679	3699	3643	3640	3643
IPT	9814251	2425	2405	2455	2512	2551	2437	2561	2534	3708	3679	3699	3642	3639	3642
IPT	9814425	2424	2403	2453	2510	2549	2437	2561	2535	3707	3678	3699	3643	3639	3642
IPT	9814599	2426	2409	2460	2514	2550	2438	2562	2535	3708	3679	3700	3644	3640	3642
IPT	9814774	2430	2415	2459	2517	2551	2438	2562	2535	3709	3680	3700	3644	3641	3642
IPT	9814948	2427	2412	2459	2517	2549	2436	2561	2535	3708	3679	3699	3643	3640	3642
IPT	9815122	2421	2410	2465	2517	2550	2437	2562	2535	3708	3679	3698	3644	3640	3643
IPT	9815296	2414	2410	2467	2515	2550	2438	2562	2535	3708	3679	3699	3643	3640	3642
IPT	9815471	2416	2412	2468	2514	2552	2437	2562	2535	3708	3679	3699	3643	3640	3642
IPT	9815645	2415	2404	2467	2512	2551	2435	2563	2535	3708	3678	3699	3643	3640	3642
IPT	9815819	2413	2398	2464	2508	2549	2436	2561	2533	3707	3679	3698	3643	3639	3642
IPT	9815993	2407	2400	2468	2510	2552	2437	2561	2534	3708	3679	3698	3643	3640	3642
IPT	9816167	2406	2400	2471	2512	2554	2441	2562	2533	3708	3679	3698	3643	3639	3641
IPT	9816342	2414	2408	2475	2517	2556	2438	2562	2533	3708	3678	3698	3643	3639	3641
IPT	9816516	2419	2415	2477	2521	2556	2442	2563	2535	3708	3679	3698	3643	3639	3642
IPT	9816690	2428	2424	2479	2527	2556	2441	2563	2534	3707	3678	3698	3643	3639	3642
IPT	9816864	2436	2430	2482	2534	2556	2440	2562	2534	3707	3679	3699	3643	3639	3642
IPT	9817038	2441	2433	2482	2538	2556	2441	2564	2535	3708	3678	3698	3643	3639	3642
IPT	9817212	2448	2442	2483	2542	2557	2442	2563	2534	3708	3679	3698	3643	3640	3642
IPT	9817387	2455	2445	2484	2545	2558	2442	2564	2534	3708	3679	3698	3643	3639	3642
IPT	9817561	2455	2445	2485	2545	2558	2445	2563	2533	3708	3678	3698	3643	3640	3642
IPT	9817735	2457	2439	2481	2540	2558	2446	2563	2535	3708	3678	3699	3643	3639	3642
IPT	9817909	2458	2437	2479	2538	2557	2445	2564	2536	3708	3679	3698	3643	3639	3642
IPT	9818083	2449	2428	2477	2535	2557	2446	2564	2534	3708	3678	3699	3643	3639	3642
IPT	9818257	2433	2416	2469	2528	2550	2439	2561	2532	3708	3679	3698	3643	3640	3642
IPT	9818431	2432	2416	2467	2527	2548	2436	2560	2532	3708	3679	3699	3643	3639	3642
IPT	9818605	2431	2417	2468	2529	2550	2438	2562	2533	3708	3679	3699	3643	3640	3642
IPT	9818780	2427	2416	2469	2528	2553	2442	2563	2535	3708	3679	3698	3643	3639	3642
IPT	9818954	2424	2415	2464	2525	2553	2440	2563	2534	3707	3679	3699	3643	3640	3642
IPT	9819128	2429	2417	2460	2522	2551	2439	2562	2534	3708	3679	3698	3643	3639	3642
IPT	9819302	2428	2418	2460	2519	2550	2441	2561	2533	3708	3678	3698	3643	3639	3641
IPT	9819476	2427	2414	2460	2516	2549	2439	2561	2533	3708	3679	3698	3643	3640	3642
IPT	9819650	2425	2410	2457	2517	2548	2438	2562	2534	3707	3678	3698	3643	3639	3641
IPT	9819824	2429	2416	2463	2522	2549	2439	2562	2535	3707	3679	3698	3643	3639	3642
IPT	9819998	2425	2416	2460	2522	2550	2445	2564	2537	3708	3678	3699	3643	3639	3642
IPT	9820173	2417	2410	2457	2514	2550	2443	2564	2536	3708	3678	3698	3642	3640	3642
IPT	9820347	2421	2412	2459	2513	2551	2444	2565	2537	3708	3679	3698	3643	3639	3641
IPT	9820521	2431	2418	2466	2519	2552	2444	2566	2537	3707	3678	3698	3643	3639	3642
IPT	9820695	2437	2427	2471	2526	2554	2445	2567	2536	3707	3678	3699	3643	3639	3642
IPT	9820869	2434	2421	2464	2520	2553	2444	2566	2536	3708	3678	3698	3643	3639	3641
IPT	9821044	2424	2414	2461	2515	2551	2441	2565	2536	3707	3679	3698	3643	3639	3642
IPT	9821218	2420	2410	2459	2514	2551	2442	2563	2535	3708	3679	3698	3643	3639	3642
IPT	9821392	2410	2397	2460	2506	2551	2440	2563	2535	3707	3678	3697	3643	3639	3641
IPT	9821566	2416	2400	2468	2509	2554	2442	2564	2536	3707	3678	3698	3643	3639	3641
IPT	9821740	2422	2413	2473	2515	2555	2441	2564	2536	3708	3679	3699	3643	3639	3642
IPT	9821915	2426	2416	2469	2516	2555	2445	2564	2534	3708	3678	3699	3643	3640	3642
IPT	9822089	2426	2416	2463	2515	2552	2439	2561	2533	3708	3679	3699	3643	3640	3642
IPT	9822263	2426	2417	2459	2514	2547	2435	2559	2532	3708	3679	3699	3643	3640	3642
IPT	9822437	2427	2414	2450	2510	2541	2427	2558	2528	3708	3679	3699	3643	3640	3642
IPT	9822611	2420	2402	2446	2504	2539	2428	2557	2528	3708	3678	3698	3642	3639	3642
IPT	9822785	2412	2393	2449	2503	2540	2427	2557	2528	3708	3678	3698	3642	3639	3642
IPT	9822959	2413	2398	2454	2509	2542	2431	2559	2530	3708	3679	3699	3643	3640	3642
IPT	9823134	2413	2397	2458	2510	2547	2432	2559	2531	3708	3679	3699	3643	3640	3642
IPT	9823308	2409	2396	2456	2509	2548	2433	2559	2529	3707	3679	3698	3642	3639	3641
IPT	9823482	2403	2398	2456	2510	2548	2434	2559	2530	3708	3679	3699	3643	3640	3642
IPT	9823656	2405	2407	2457	2514	2547	2434	2559	2532	3708	3679	3699	3643	3640	3642
IPT	9823830	2409	2408	2455	2511	2546	2436	2559	2533	3708	3679	3698	3643	3639	3642
IPT	9824004	2409	2411	2461	2513	2547	2433	2559	2533	3708	3678	3698	3642	3639	3642
IPT	9824178	2412	2413	2459	2515	2549	2436	2559	2531	3708	3679	3698	3643	3639	3642
IPT	9824352	2417	2418	2459	2517	2549	2436	2559	2531	3707	3679	3698	3643	3640	3642
IPT	9824526	2420	2418	2464	2518	2550	2437	2559	2532	3708	3678	3698	3643	3639	3642
IPT	9824700	2410	2407	2466	2510	2552	2439	2560	2533	3708	3679	3699	3643	3640	3642
IPT	9824874	2413	2412	2471	2517	2554	2439	2560	2532	3708	3678	3698	3642	3639	3642
IPT	9825049	2422	2420	2475	2525	2556	2445	2561	2534	3708	3679	3698	3643	3639	3642
IPT	9825223	2429	2426	2478	2531	2558	2444	2562	2533	3708	3678	3698	3642	3639	3642
IPT	9825397	2431	2428	2480	2533	2560	2446	2563	2534	3707	3678	3698	3643	3639	3641
IPT	9825571	2433	2428	2481	2535	2560	2448	2565	2536	3708	3679	3699	3644	3640	3642
IPT	9825745	2434	2432	2482	2539	2558	2447	2563	2534	3708	3679	3699	3643	3639	3642
IPT	9825919	2440	2436	2484	2540	2561	2446	2563	2535	3708	3678	3698	3643	3639	3642
IPT	9826093	2441	2439	2485	2538	2562	2447	2566	2536	3708	3679	3698	3643	3639	3641
IPT	9826267	2442	2434	2480	2531	2560	2448	2567	2535	3708	3679	3699	3643	3640	3642
IPT	9826441	2437	2432	2471	2525	2558	2448	2566	2536	3708	3679	3698	3643	3640	3642
IPT	9826615	2436	2429	2470	2525	2556	2446	2566	2535	3707	3679	3699	3643	3639	3642
IPT	9826789	2436	2430	2476	2530	2557	2446	2567	2536	3708	3678	3698	3643	3639	3642
IPT	9826963	2439	2433	2472	2530	2555	2443	2567	2536	3708	3679	3698	3643	3640	3642
IPT	9827137	2443	2437	2475	2533	2554	2444	2567	2537	3708	3679	3699	3643	3639	3642
IPT	9827312	2446	2446	2476	2538	2554	2442	2564	2534	3708	3679	3699	3642	3639	3642
IPT	9827486	2447	2445	2464	2533	2550	2438	2562	2534	3708	3679	3699	3643	3640	3642
IPT	9827660	2441	2435	2458	2526	2546	2438	2562	2534	3708	3679	3699	3643	3640	3643
IPT	9827834	2438	2430	2461	2525	2548	2440	2562	2533	3708	3679	3699	3643	3640	3642
IPT	9828008	2438	2432	2467	2529	2551	2440	2562	2534	3708	3679	3699	3643	3640	3642
IPT	9828182	2443	2439	2476	2537	2555	2443	2564	2535	3708	3679	3699	3643	3639	3642
IPT	9828356	2450	2443	2477	2539	2557	2442	2564	2535	3707	3678	3698	3643	3639	3642
IPT	9828530	2454	2446	2476	2541	2555	2441	2563	2535	3708	3679	3698	3643	3639	3642
IPT	9828704	2451	2445	2474	2539	2553	2441	2563	2537	3708	3679	3698	3643	3640	3642
IPT	9828878	2449	2441	2470	2538	2552	2436	2562	2534	3707	3679	3698	3643	3639	3641
IPT	9829053	2448	2433	2459	2527	2548	2433	2560	2532	3707	3678	3698	3642	3639	3642
IPT	9829227	2447	2423	2453	2517	2545	2431	2559	2530	3707	3678	3698	3643	3639	3641
IPT	9829401	2440	2414	2448	2508	2544	2432	2558	2531	3708	3679	3699	3643	3639	3642
IPT	9829575	2437	2407	2448	2501	2543	2429	2558	2531	3707	3678	3698	3643	3639	3642
IPT	9829749	2439	2413	2454	2508	2546	2433	2559	2532	3708	3679	3699	3643	3639	3642
IPT	9829924	2443	2420	2457	2513	2548	2437	2560	2534	3708	3678	3698	3643	3640	3642
IPT	9830098	2443	2421	2459	2516	2549	2438	2561	2533	3708	3679	3699	3643	3640	3642
IPT	9830272	2438	2419	2454	2513	2548	2435	2561	2533	3708	3679	3699	3643	3640	3642
IPT	9830447	2432	2415	2455	2515	2545	2434	2559	2532	3708	3679	3699	3643	3639	3642
IPT	9830621	2425	2410	2451	2514	2543	2433	2559	2531	3708	3679	3699	3643	3640	3642
IPT	9830795	2419	2413	2458	2518	2545	2434	2558	2532	3707	3678	3698	3643	3639	3641
IPT	9830969	2422	2419	2464	2524	2548	2436	2560	2534	3708	3679	3698	3643	3640	3642
IPT	9831143	2427	2426	2472	2530	2552	2438	2561	2534	3708	3678	3698	3643	3639	3642
IPT	9831317	2433	2434	2478	2539	2553	2439	2561	2535	3708	3679	3699	3643	3640	3642
IPT	9831492	2436	2432	2474	2539	2553	2437	2561	2533	3708	3679	3699	3643	3639	3641
IPT	9831666	2435	2434	2475	2542	2554	2437	2561	2533	3708	3679	3699	3644	3639	3642
IPT	9831840	2436	2438	2477	2544	2555	2441	2562	2534	3708	3679	3699	3643	3640	3642
IPT	9832014	2436	2435	2467	2539	2551	2436	2562	2534	3708	3678	3698	3643	3639	3642
IPT	9832188	2440	2436	2470	2539	2550	2437	2563	2536	3708	3679	3699	3643	3640	3642
IPT	9832363	2445	2441	2473	2542	2552	2438	2564	2536	3707	3678	3698	3643	3639	3642
IPT	9832537	2447	2440	2468	2539	2553	2440	2563	2536	3707	3679	3698	3643	3639	3642
IPT	9832711	2447	2439	2468	2538	2555	2442	2566	2537	3708	3679	3698	3643	3639	3643
IPT	9832885	2453	2445	2473	2542	2555	2444	2566	2537	3708	3679	3699	3643	3640	3642
IPT	9833059	2453	2443	2476	2542	2556	2444	2567	2537	3707	3678	3698	3643	3639	3642
IPT	9833234	2451	2439	2477	2542	2556	2445	2567	2536	3708	3679	3699	3642	3640	3641
IPT	9833408	2443	2433	2478	2542	2557	2447	2568	2535	3707	3679	3698	3643	3639	3642
IPT	9833582	2444	2435	2481	2544	2558	2447	2569	2535	3707	3679	3698	3643	3639	3642
IPT	9833756	2443	2435	2484	2545	2560	2446	2565	2534	3707	3679	3698	3643	3640	3642
IPT	9833930	2441	2434	2481	2543	2558	2444	2564	2533	3707	3679	3698	3643	3640	3642
IPT	9834104	2440	2430	2477	2539	2557	2442	2563	2533	3708	3679	3698	3643	3640	3642
IPT	9834278	2445	2432	2473	2538	2555	2439	2563	2533	3708	3679	3699	3643	3640	3642
IPT	9834453	2440	2426	2471	2536	2554	2439	2563	2534	3708	3679	3699	3643	3640	3642
IPT	9834627	2442	2429	2474	2539	2554	2440	2563	2534	3707	3678	3699	3643	3639	3642
IPT	9834801	2445	2433	2477	2541	2555	2439	2564	2534	3708	3679	3698	3643	3639	3642
IPT	9834975	2446	2433	2480	2542	2557	2442	2563	2534	3708	3679	3699	3643	3640	3642
IPT	9835149	2441	2431	2479	2541	2557	2441	2564	2533	3708	3679	3699	3644	3640	3643
IPT	9835323	2439	2430	2477	2538	2556	2443	2563	2534	3708	3679	3699	3643	3639	3642
IPT	9835498	2439	2427	2476	2533	2555	2443	2562	2534	3708	3679	3699	3643	3639	3642
IPT	9835672	2436	2423	2470	2528	2554	2444	2563	2533	3708	3679	3699	3643	3640	3642
IPT	9835846	2436	2424	2468	2527	2553	2442	2562	2533	3708	3679	3699	3644	3640	3642
IPT	9836020	2436	2426	2466	2527	2553	2440	2561	2532	3708	3679	3699	3643	3640	3642
IPT	9836195	2434	2422	2459	2520	2551	2439	2561	2533	3708	3679	3699	3644	3640	3642
IPT	9836369	2426	2414	2462	2518	2551	2440	2562	2534	3708	3679	3699	3643	3640	3642
IPT	9836543	2426	2417	2466	2523	2551	2440	2561	2533	3708	3679	3699	3643	3639	3642
IPT	9836717	2429	2423	2466	2528	2550	2439	2561	2532	3708	3679	3699	3643	3639	3642
IPT	9836892	2431	2420	2458	2522	2544	2430	2558	2532	3708	3678	3699	3643	3639	3641
IPT	9837066	2435	2415	2451	2516	2540	2426	2558	2532	3708	3679	3699	3643	3640	3642
IPT	9837240	2438	2415	2456	2518	2541	2428	2559	2532	3708	3679	3699	3643	3640	3643
IPT	9837415	2438	2415	2459	2519	2542	2428	2558	2532	3708	3679	3699	3643	3640	3642
IPT	9837589	2433	2411	2465	2519	2545	2431	2560	2533	3708	3679	3699	3643	3640	3642
IPT	9837763	2432	2416	2465	2521	2546	2429	2559	2531	3708	3679	3698	3642	3639	3642
IPT	9837937	2439	2424	2461	2524	2543	2425	2558	2531	3708	3679	3699	3643	3640	3642
IPT	9838111	2444	2429	2461	2525	2542	2425	2558	2531	3708	3679	3699	3643	3640	3643
IPT	9838286	2448	2431	2470	2530	2544	2429	2559	2532	3708	3679	3698	3643	3640	3642
IPT	9838460	2450	2435	2474	2535	2548	2433	2559	2533	3708	3679	3699	3644	3640	3642
IPT	9838634	2455	2437	2475	2537	2552	2438	2560	2534	3708	3679	3699	3643	3640	3643
IPT	9838808	2457	2438	2473	2535	2550	2437	2561	2534	3708	3679	3699	3643	3640	3642
IPT	9838982	2454	2437	2471	2534	2551	2436	2561	2535	3708	3678	3698	3643	3640	3642
IPT	9839157	2453	2435	2472	2532	2551	2439	2562	2534	3708	3678	3698	3643	3640	3641
IPT	9839331	2449	2439	2476	2538	2553	2439	2563	2534	3708	3679	3699	3643	3640	3642
IPT	9839505	2445	2435	2473	2535	2554	2440	2563	2535	3708	3679	3699	3643	3640	3642
IPT	9839679	2440	2429	2470	2529	2554	2443	2564	2535	3708	3679	3698	3643	3640	3642
IPT	9839854	2430	2421	2463	2526	2550	2437	2564	2534	3708	3679	3699	3643	3640	3642
IPT	9840028	2430	2425	2470	2534	2552	2439	2565	2534	3708	3679	3699	3643	3640	3642
IPT	9840202	2433	2430	2470	2534	2552	2439	2564	2534	3708	3679	3699	3643	3640	3642
IPT	9840377	2440	2437	2469	2536	2551	2439	2564	2535	3708	3679	3698	3643	3639	3642
IPT	9840551	2446	2439	2462	2532	2551	2441	2564	2535	3707	3678	3698	3643	3639	3641
IPT	9840725	2447	2432	2459	2527	2548	2440	2565	2535	3708	3679	3699	3642	3640	3642
IPT	9840900	2450	2436	2455	2529	2544	2434	2562	2533	3708	3678	3698	3643	3639	3642
IPT	9841074	2447	2428	2453	2524	2541	2431	2560	2532	3707	3679	3698	3642	3639	3642
IPT	9841248	2441	2418	2448	2516	2544	2435	2560	2532	3708	3679	3698	3643	3640	3642
IPT	9841422	2439	2417	2450	2515	2545	2436	2561	2534	3708	3679	3699	3643	3640	3642
IPT	9841596	2437	2417	2456	2517	2547	2434	2561	2534	3708	3679	3699	3643	3640	3642
IPT	9841771	2435	2413	2459	2514	2548	2435	2561	2532	3708	3679	3699	3643	3640	3642
IPT	9841945	2427	2407	2461	2512	2548	2435	2561	2533	3708	3679	3698	3643	3640	3642
IPT	9842119	2418	2398	2455	2506	2546	2432	2559	2533	3708	3679	3699	3644	3640	3643
IPT	9842294	2414	2398	2449	2501	2544	2431	2559	2533	3707	3679	3699	3644	3640	3642
IPT	9842468	2411	2403	2451	2503	2545	2432	2560	2533	3707	3679	3699	3643	3639	3642
IPT	9842642	2406	2399	2449	2501	2545	2434	2561	2534	3708	3679	3698	3643	3640	3642
IPT	9842817	2406	2406	2449	2504	2545	2434	2562	2535	3707	3678	3699	3642	3639	3642
IPT	9842991	2409	2410	2452	2509	2545	2434	2561	2533	3707	3678	3698	3642	3639	3641
IPT	9843165	2411	2413	2456	2513	2546	2437	2562	2534	3707	3678	3698	3643	3639	3641
IPT	9843339	2416	2417	2463	2518	2548	2439	2562	2535	3707	3679	3699	3643	3639	3641
IPT	9843513	2421	2417	2465	2518	2552	2440	2563	2536	3708	3678	3698	3643	3640	3642
IPT	9843687	2427	2421	2465	2523	2553	2440	2564	2535	3708	3679	3698	3643	3639	3642
IPT	9843862	2432	2423	2469	2526	2553	2439	2563	2535	3708	3679	3699	3643	3640	3642
IPT	9844036	2432	2420	2475	2527	2554	2439	2563	2535	3708	3680	3699	3644	3640	3642
IPT	9844210	2426	2409	2472	2520	2553	2439	2562	2534	3708	3679	3699	3644	3640	3643
IPT	9844385	2413	2403	2468	2517	2551	2434	2561	2533	3708	3679	3699	3643	3640	3643
IPT	9844559	2407	2401	2459	2513	2550	2436	2561	2532	3708	3680	3699	3644	3640	3643
IPT	9844733	2391	2392	2460	2506	2550	2435	2562	2532	3708	3679	3699	3643	3640	3643
IPT	9844907	2389	2396	2461	2505	2551	2436	2560	2533	3708	3679	3699	3643	3640	3643
IPT	9845081	2402	2404	2460	2506	2550	2437	2560	2532	3708	3679	3699	3644	3640	3642
IPT	9845255	2403	2400	2450	2498	2547	2436	2560	2531	3708	3679	3699	3644	3640	3643
IPT	9845430	2407	2402	2452	2501	2546	2437	2561	2532	3708	3679	3699	3644	3640	3643
IPT	9845604	2406	2404	2457	2507	2547	2436	2560	2532	3709	3680	3699	3644	3640	3643
IPT	9845778	2402	2402	2455	2505	2548	2438	2560	2533	3708	3679	3699	3643	3640	3642
IPT	9845952	2407	2407	2456	2506	2548	2437	2560	2534	3708	3679	3699	3644	3640	3643
IPT	9846126	2414	2414	2464	2513	2552	2437	2560	2534	3708	3680	3699	3643	3640	3643
IPT	9846300	2411	2414	2466	2517	2550	2437	2560	2532	3708	3679	3699	3644	3640	3642
IPT	9846474	2414	2418	2466	2520	2549	2436	2560	2532	3708	3679	3698	3643	3640	3642
IPT	9846648	2419	2421	2470	2522	2551	2438	2561	2534	3708	3678	3699	3643	3640	3641
IPT	9846822	2422	2421	2476	2524	2554	2442	2563	2535	3708	3679	3699	3643	3640	3642
IPT	9846997	2426	2419	2473	2524	2553	2441	2562	2533	3708	3679	3698	3643	3640	3642
IPT	9847171	2429	2419	2474	2528	2553	2439	2561	2532	3708	3679	3699	3643	3640	3642
IPT	9847345	2436	2428	2479	2535	2554	2441	2561	2532	3708	3679	3698	3643	3639	3642
IPT	9847519	2433	2430	2478	2537	2555	2439	2561	2532	3708	3679	3698	3643	3639	3641
IPT	9847693	2426	2424	2471	2532	2553	2442	2561	2533	3708	3679	3699	3643	3639	3642
IPT	9847867	2425	2420	2465	2527	2550	2442	2562	2534	3708	3679	3699	3643	3639	3641
IPT	9848041	2425	2418	2467	2529	2550	2441	2562	2534	3707	3678	3698	3642	3639	3642
IPT	9848215	2422	2419	2467	2532	2551	2443	2563	2535	3707	3678	3697	3643	3639	3641
IPT	9848390	2418	2416	2467	2533	2553	2443	2564	2535	3708	3678	3698	3643	3639	3642
IPT	9848564	2420	2414	2468	2530	2551	2442	2563	2535	3708	3678	3698	3643	3639	3641
IPT	9848738	2420	2408	2470	2526	2553	2443	2564	2535	3708	3679	3698	3644	3639	3642
IPT	9848912	2422	2410	2467	2524	2552	2442	2563	2535	3708	3679	3698	3643	3640	3642
IPT	9849086	2428	2415	2468	2523	2551	2440	2562	2535	3708	3679	3698	3644	3639	3642
IPT	9849260	2425	2414	2460	2520	2548	2435	2561	2534	3707	3678	3698	3642	3639	3641
IPT	9849435	2421	2410	2460	2519	2545	2431	2559	2534	3708	3678	3699	3643	3640	3642
IPT	9849609	2428	2418	2465	2524	2547	2433	2560	2534	3708	3679	3699	3643	3640	3642
IPT	9849783	2430	2418	2459	2521	2548	2437	2560	2534	3708	3679	3699	3643	3639	3642
IPT	9849957	2434	2422	2460	2524	2548	2436	2561	2534	3708	3679	3699	3643	3640	3642
IPT	9850131	2434	2416	2449	2517	2542	2428	2560	2532	3708	3679	3699	3643	3640	3642
IPT	9850306	2433	2409	2448	2513	2541	2430	2560	2533	3708	3679	3699	3644	3640	3642
IPT	9850480	2424	2400	2452	2513	2544	2432	2561	2533	3708	3679	3699	3644	3640	3643
IPT	9850654	2411	2389	2451	2509	2542	2431	2560	2531	3708	3679	3699	3643	3639	3642
IPT	9850828	2410	2390	2453	2509	2544	2433	2560	2532	3708	3679	3699	3643	3640	3642
IPT	9851002	2419	2402	2455	2511	2543	2435	2561	2532	3708	3679	3698	3643	3639	3641
IPT	9851176	2429	2418	2464	2520	2547	2438	2562	2533	3708	3679	3699	3644	3640	3642
IPT	9851350	2438	2428	2466	2525	2548	2439	2562	2535	3708	3678	3698	3643	3639	3642
IPT	9851524	2441	2428	2466	2524	2548	2438	2563	2536	3708	3679	3699	3643	3640	3642
IPT	9851698	2431	2418	2460	2518	2545	2435	2561	2534	3708	3679	3699	3643	3640	3642
IPT	9851873	2422	2406	2451	2510	2541	2432	2559	2533	3708	3679	3699	3643	3639	3642
IPT	9852047	2421	2398	2451	2508	2542	2435	2560	2533	3708	3679	3699	3643	3639	3643
IPT	9852221	2417	2389	2452	2502	2544	2434	2560	2533	3708	3679	3699	3643	3640	3643
IPT	9852395	2414	2395	2460	2510	2545	2434	2560	2534	3708	3679	3699	3643	3640	3642
IPT	9852569	2422	2410	2459	2514	2545	2434	2560	2532	3708	3679	3698	3643	3640	3642
IPT	9852743	2428	2417	2458	2515	2547	2434	2559	2532	3708	3679	3699	3643	3640	3642
IPT	9852916	2424	2412	2453	2510	2549	2434	2559	2532	3708	3679	3699	3643	3640	3642
IPT	9853090	2420	2411	2451	2511	2546	2433	2559	2530	3708	3679	3699	3643	3640	3643
IPT	9853264	2410	2408	2451	2512	2545	2433	2559	2531	3708	3680	3699	3643	3640	3643
IPT	9853438	2410	2414	2458	2517	2549	2432	2559	2533	3708	3680	3699	3644	3641	3643
IPT	9853612	2416	2419	2458	2518	2547	2434	2559	2533	3708	3679	3699	3643	3640	3642
IPT	9853786	2418	2421	2460	2520	2548	2434	2560	2533	3708	3680	3699	3644	3640	3642
IPT	9853960	2422	2423	2460	2521	2547	2434	2559	2532	3708	3679	3699	3643	3640	3642
IPT	9854134	2426	2425	2465	2524	2548	2433	2559	2533	3708	3679	3699	3644	3640	3642
IPT	9854308	2427	2422	2467	2525	2547	2433	2560	2533	3708	3679	3699	3644	3640	3643
IPT	9854482	2423	2415	2468	2522	2549	2432	2559	2532	3708	3679	3699	3643	3640	3642
IPT	9854656	2419	2415	2464	2520	2547	2433	2561	2533	3708	3679	3699	3643	3640	3642
IPT	9854831	2419	2415	2460	2518	2547	2433	2562	2536	3709	3680	3700	3644	3641	3643
IPT	9855005	2424	2422	2464	2522	2551	2437	2562	2535	3708	3679	3699	3644	3640	3642
IPT	9855179	2431	2428	2468	2528	2552	2441	2562	2535	3708	3679	3699	3643	3640	3642
IPT	9855353	2439	2431	2474	2536	2553	2441	2563	2535	3709	3679	3699	3643	3640	3641
IPT	9855527	2443	2438	2475	2540	2554	2439	2563	2535	3708	3679	3698	3643	3640	3642
IPT	9855701	2448	2445	2478	2543	2554	2441	2564	2535	3708	3679	3699	3643	3640	3642
IPT	9855875	2451	2449	2477	2543	2553	2438	2563	2533	3708	3679	3698	3643	3640	3643
IPT	9856049	2445	2439	2474	2537	2552	2438	2562	2533	3708	3679	3699	3643	3640	3643
IPT	9856223	2442	2427	2468	2528	2551	2438	2563	2533	3708	3679	3699	3643	3640	3642
IPT	9856397	2442	2429	2474	2531	2552	2438	2564	2534	3707	3679	3698	3643	3639	3642
IPT	9856571	2442	2431	2477	2535	2554	2441	2564	2533	3708	3679	3698	3643	3639	3642
