$ 1 0.000005 2.688763906446752 33 5 50
r 144 80 144 176 0 68000
r 144 176 256 176 0 68000
R 144 80 144 32 0 0 40 24 0 0 0.5
t 256 176 288 176 0 -1 -0.5474415555694279 -0.6712806889841048 100
R 288 160 288 32 0 0 40 24 0 0 0.5
r 288 192 288 288 0 1200
r 288 288 288 368 0 100
g 288 368 288 384 0
t 96 192 144 192 0 1 0.5497157120986117 0.5964389965131833 100
g 144 208 144 384 0
r 96 192 48 192 0 15000
R 48 192 16 192 0 0 1000 3.3 0 0 0.5
r 288 288 416 288 0 47000
c 416 288 416 368 0 0.000001 1.6487518946609625
g 416 368 416 384 0
o 11 64 0 4099 5 0.00078125 0 2 11 3
o 5 64 0 4099 40 0.05 1 2 5 3
o 13 64 0 4099 2.5 0.000390625 2 2 13 3

