$ 1 0.000001 1.3241202019156522 50 5 50
t 480 288 512 288 0 1 0.5726827205183405 0.6194560699509153 100
r 480 288 416 288 0 10000
g 512 304 512 400 0
w 512 272 512 224 0
r 512 224 512 112 0 20000
r 512 224 672 224 0 47000
t 672 224 720 224 0 -1 -0.5627874418506131 -0.6747581082841023 100
w 720 208 720 112 0
r 720 240 720 320 0 1000
r 720 320 720 384 0 150
r 720 320 800 320 0 10000
g 720 384 720 400 0
c 800 320 800 384 0 0.000001 0.6782369879680025
g 800 384 800 400 0
R 720 112 720 96 0 0 40 24 0 0 0.5
R 512 112 512 96 0 0 40 24 0 0 0.5
R 416 288 352 288 4 5 1000 5 0 0 0.5
o 16 128 3 4098 5 0.003125 0 1
o 16 128 0 4102 5 0.1 1 2 16 3
o 9 128 0 4099 5 0.1 2 2 9 3
o 12 128 0 4098 1.25 0.1 3 2 12 3
